Time Step,Vehicle Speed,Total Distance,Total BSFC,BSFC
0,0.1,0.0,1.04,0.01
0.05,0.2,0.01,2.08,0.01
0.1,0.29,0.03,3.13,0.01
0.15,0.39,0.05,4.17,0.01
0.2,0.49,0.07,5.21,0.01
0.25,0.59,0.1,6.25,0.01
0.3,0.68,0.14,7.29,0.01
0.35,0.78,0.18,8.33,0.01
0.4,0.88,0.22,9.38,0.01
0.45,0.98,0.27,10.42,0.01
0.5,1.08,0.32,11.46,0.01
0.55,1.17,0.38,12.5,0.01
0.6,1.27,0.44,13.54,0.01
0.65,1.37,0.51,14.59,0.01
0.7,1.47,0.59,15.63,0.01
0.75,1.56,0.66,16.67,0.01
0.8,1.66,0.75,17.71,0.01
0.85,1.76,0.84,18.75,0.01
0.9,1.86,0.93,19.79,0.01
0.95,1.96,1.03,20.84,0.01
1.0,2.05,1.13,21.88,0.01
1.05,2.15,1.24,22.92,0.01
1.1,2.25,1.35,23.96,0.01
1.15,2.35,1.47,25.0,0.01
1.2,2.44,1.59,26.05,0.01
1.25,2.54,1.72,27.09,0.01
1.3,2.64,1.85,28.13,0.01
1.35,2.74,1.98,29.17,0.01
1.4,2.83,2.13,30.21,0.01
1.45,2.93,2.27,31.25,0.01
1.5,3.03,2.42,32.3,0.01
1.55,3.13,2.58,33.34,0.01
1.6,3.22,2.74,34.38,0.01
1.65,3.32,2.91,35.42,0.01
1.7,3.42,3.08,36.46,0.01
1.75,3.51,3.25,37.51,0.01
1.8,3.61,3.43,38.55,0.01
1.85,3.71,3.62,39.59,0.01
1.9,3.81,3.81,40.63,0.01
1.95,3.9,4.01,41.67,0.01
2.0,4.0,4.21,42.71,0.01
2.05,4.1,4.41,43.76,0.01
2.1,4.2,4.62,44.8,0.01
2.15,4.29,4.83,45.84,0.01
2.2,4.39,5.05,46.88,0.01
2.25,4.49,5.28,47.92,0.01
2.3,4.58,5.51,48.97,0.01
2.35,4.68,5.74,50.01,0.01
2.4,4.78,5.98,51.05,0.01
2.45,4.87,6.22,52.09,0.01
2.5,4.97,6.47,53.13,0.01
2.55,5.07,6.73,54.17,0.01
2.6,5.16,6.98,55.22,0.01
2.65,5.26,7.25,56.26,0.01
2.7,5.36,7.52,57.3,0.01
2.75,5.45,7.79,58.34,0.01
2.8,5.55,8.07,59.38,0.01
2.85,5.65,8.35,60.43,0.01
2.9,5.74,8.64,61.47,0.01
2.95,5.84,8.93,62.51,0.01
3.0,5.94,9.22,63.55,0.01
3.05,6.03,9.53,64.59,0.01
3.1,6.13,9.83,65.63,0.01
3.15,6.23,10.14,66.56,0.01
3.2,6.33,10.46,67.48,0.01
3.25,6.43,10.78,68.4,0.01
3.3,6.52,11.11,69.38,0.01
3.35,6.62,11.44,70.35,0.01
3.4,6.72,11.77,71.33,0.01
3.45,6.82,12.12,72.25,0.01
3.5,6.92,12.46,73.18,0.01
3.55,7.02,12.81,74.11,0.01
3.6,7.13,13.17,74.98,0.01
3.65,7.23,13.53,75.85,0.01
3.7,7.33,13.9,76.72,0.01
3.75,7.43,14.27,77.55,0.01
3.8,7.53,14.65,78.37,0.01
3.85,7.63,15.03,79.01,0.01
3.9,7.73,15.41,79.66,0.01
3.95,7.83,15.81,80.3,0.01
4.0,7.94,16.2,81.19,0.01
4.05,8.04,16.6,82.08,0.01
4.1,8.14,17.01,82.96,0.01
4.15,8.24,17.42,83.99,0.01
4.2,8.34,17.84,85.01,0.01
4.25,8.44,18.26,86.04,0.01
4.3,8.54,18.69,87.1,0.01
4.35,8.64,19.12,88.17,0.01
4.4,8.74,19.56,89.23,0.01
4.45,8.84,20.0,90.33,0.01
4.5,8.94,20.45,91.42,0.01
4.55,9.04,20.9,92.52,0.01
4.6,9.14,21.36,93.78,0.01
4.65,9.24,21.82,95.04,0.01
4.7,9.34,22.29,96.3,0.01
4.75,9.43,22.76,97.6,0.01
4.8,9.53,23.23,98.89,0.01
4.85,9.63,23.71,100.19,0.01
4.9,9.72,24.2,101.65,0.01
4.95,9.82,24.69,103.12,0.01
5.0,9.92,25.19,104.58,0.01
5.05,10.01,25.69,106.08,0.01
5.1,10.11,26.19,106.08,0.01
5.15,10.1,26.7,106.08,0.01
5.2,10.09,27.2,106.08,0.01
5.25,10.08,27.71,106.08,0.01
5.3,10.07,28.21,106.08,0.01
5.35,10.06,28.71,106.08,0.01
5.4,10.06,29.22,106.08,0.01
5.45,10.05,29.72,106.08,0.01
5.5,10.04,30.22,106.08,0.01
5.55,10.03,30.72,106.08,0.01
5.6,10.02,31.22,106.08,0.01
5.65,10.01,31.72,106.08,0.01
5.7,10.01,32.23,106.08,0.01
5.75,10.0,32.72,106.08,0.01
5.8,9.99,33.22,106.08,0.01
5.85,9.98,33.72,106.08,0.01
5.9,9.97,34.22,106.08,0.01
5.95,9.96,34.72,106.08,0.01
6.0,9.96,35.22,106.08,0.01
6.05,9.95,35.72,106.08,0.01
6.1,9.94,36.21,106.08,0.01
6.15,9.93,36.71,106.08,0.01
6.2,9.92,37.21,106.08,0.01
6.25,9.92,37.7,106.08,0.01
6.3,9.91,38.2,106.08,0.01
6.35,9.9,38.69,106.08,0.01
6.4,9.89,39.19,106.08,0.01
6.45,9.88,39.68,106.08,0.01
6.5,9.87,40.17,106.08,0.01
6.55,9.87,40.67,106.08,0.01
6.6,9.86,41.16,106.08,0.01
6.65,9.85,41.65,106.08,0.01
6.7,9.84,42.14,106.08,0.01
6.75,9.83,42.64,106.08,0.01
6.8,9.83,43.13,106.08,0.01
6.85,9.82,43.62,106.08,0.01
6.9,9.81,44.11,106.08,0.01
6.95,9.8,44.6,106.08,0.01
7.0,9.79,45.09,106.08,0.01
7.05,9.78,45.58,106.08,0.01
7.1,9.78,46.07,106.08,0.01
7.15,9.77,46.56,106.08,0.01
7.2,9.76,47.04,106.08,0.01
7.25,9.75,47.53,106.08,0.01
7.3,9.74,48.02,106.08,0.01
7.35,9.74,48.5,106.08,0.01
7.4,9.73,48.99,106.08,0.01
7.45,9.72,49.48,106.08,0.01
7.5,9.71,49.96,106.08,0.01
7.55,9.7,50.45,106.08,0.01
7.6,9.7,50.93,106.08,0.01
7.65,9.69,51.42,106.08,0.01
7.7,9.68,51.9,106.08,0.01
7.75,9.67,52.38,106.08,0.01
7.8,9.66,52.87,106.08,0.01
7.85,9.66,53.35,106.08,0.01
7.9,9.65,53.83,106.08,0.01
7.95,9.64,54.32,106.08,0.01
8.0,9.63,54.8,106.08,0.01
8.05,9.62,55.28,106.08,0.01
8.1,9.62,55.76,106.08,0.01
8.15,9.61,56.24,106.08,0.01
8.2,9.6,56.72,106.08,0.01
8.25,9.59,57.2,106.08,0.01
8.3,9.58,57.68,106.08,0.01
8.35,9.58,58.16,106.08,0.01
8.4,9.57,58.64,106.08,0.01
8.45,9.56,59.11,106.08,0.01
8.5,9.55,59.59,106.08,0.01
8.55,9.54,60.07,106.08,0.01
8.6,9.54,60.54,106.08,0.01
8.65,9.53,61.02,106.08,0.01
8.7,9.52,61.5,106.08,0.01
8.75,9.51,61.97,106.08,0.01
8.8,9.51,62.45,106.08,0.01
8.85,9.5,62.92,106.08,0.01
8.9,9.49,63.4,106.08,0.01
8.95,9.48,63.87,106.08,0.01
9.0,9.47,64.35,106.08,0.01
9.05,9.47,64.82,106.08,0.01
9.1,9.46,65.29,106.08,0.01
9.15,9.45,65.76,106.08,0.01
9.2,9.44,66.24,106.08,0.01
9.25,9.43,66.71,106.08,0.01
9.3,9.43,67.18,106.08,0.01
9.35,9.42,67.65,106.08,0.01
9.4,9.41,68.12,106.08,0.01
9.45,9.4,68.59,106.08,0.01
9.5,9.4,69.06,106.08,0.01
9.55,9.39,69.53,106.08,0.01
9.6,9.38,70.0,106.08,0.01
9.65,9.37,70.47,106.08,0.01
9.7,9.36,70.94,106.08,0.01
9.75,9.36,71.4,106.08,0.01
9.8,9.35,71.87,106.08,0.01
9.85,9.34,72.34,106.08,0.01
9.9,9.33,72.8,106.08,0.01
9.95,9.33,73.27,106.08,0.01
10.0,9.32,73.74,106.08,0.01
10.05,9.31,74.2,106.08,0.01
10.1,9.3,74.67,106.08,0.01
10.15,9.29,75.13,106.08,0.01
10.2,9.29,75.6,106.08,0.01
10.25,9.28,76.06,106.08,0.01
10.3,9.27,76.52,106.08,0.01
10.35,9.26,76.99,106.08,0.01
10.4,9.26,77.45,106.08,0.01
10.45,9.25,77.91,106.08,0.01
10.5,9.24,78.37,106.08,0.01
10.55,9.23,78.84,106.08,0.01
10.6,9.23,79.3,106.08,0.01
10.65,9.22,79.76,106.08,0.01
10.7,9.21,80.22,106.08,0.01
10.75,9.2,80.68,106.08,0.01
10.8,9.19,81.14,106.08,0.01
10.85,9.19,81.6,106.08,0.01
10.9,9.18,82.06,106.08,0.01
10.95,9.17,82.52,106.08,0.01
11.0,9.16,82.97,106.08,0.01
11.05,9.16,83.43,106.08,0.01
11.1,9.15,83.89,106.08,0.01
11.15,9.14,84.35,106.08,0.01
11.2,9.13,84.8,106.08,0.01
11.25,9.13,85.26,106.08,0.01
11.3,9.12,85.71,106.08,0.01
11.35,9.11,86.17,106.08,0.01
11.4,9.1,86.63,106.08,0.01
11.45,9.1,87.08,106.08,0.01
11.5,9.09,87.53,106.08,0.01
11.55,9.08,87.99,106.08,0.01
11.6,9.07,88.44,106.08,0.01
11.65,9.07,88.9,106.08,0.01
11.7,9.06,89.35,106.08,0.01
11.75,9.05,89.8,106.08,0.01
11.8,9.04,90.25,106.08,0.01
11.85,9.04,90.71,106.08,0.01
11.9,9.03,91.16,106.08,0.01
11.95,9.02,91.61,106.08,0.01
12.0,9.01,92.06,106.08,0.01
12.05,9.01,92.51,106.08,0.01
12.1,9.0,92.96,106.08,0.01
12.15,8.99,93.41,106.08,0.01
12.2,8.98,93.86,106.08,0.01
12.25,8.98,94.31,106.08,0.01
12.3,8.97,94.75,106.08,0.01
12.35,8.96,95.2,106.08,0.01
12.4,8.95,95.65,106.08,0.01
12.45,8.95,96.1,106.08,0.01
12.5,8.94,96.54,106.08,0.01
12.55,8.93,96.99,106.08,0.01
12.6,8.92,97.44,106.08,0.01
12.65,8.92,97.88,106.08,0.01
12.7,8.91,98.33,106.08,0.01
12.75,8.9,98.77,106.08,0.01
12.8,8.89,99.22,106.08,0.01
12.85,8.89,99.66,106.08,0.01
12.9,8.88,100.11,106.08,0.01
12.95,8.87,100.55,106.08,0.01
13.0,8.86,100.99,106.08,0.01
13.05,8.86,101.44,106.08,0.01
13.1,8.85,101.88,106.08,0.01
13.15,8.84,102.32,106.08,0.01
13.2,8.83,102.76,106.08,0.01
13.25,8.83,103.2,106.08,0.01
13.3,8.82,103.64,106.08,0.01
13.35,8.81,104.09,106.08,0.01
13.4,8.81,104.53,106.08,0.01
13.45,8.8,104.97,106.08,0.01
13.5,8.79,105.41,106.08,0.01
13.55,8.78,105.84,106.08,0.01
13.6,8.78,106.28,106.08,0.01
13.65,8.77,106.72,106.08,0.01
13.7,8.76,107.16,106.08,0.01
13.75,8.75,107.6,106.08,0.01
13.8,8.75,108.03,106.08,0.01
13.85,8.74,108.47,106.08,0.01
13.9,8.73,108.91,106.08,0.01
13.95,8.72,109.34,106.08,0.01
14.0,8.72,109.78,106.08,0.01
14.05,8.71,110.22,106.08,0.01
14.1,8.7,110.65,106.08,0.01
14.15,8.7,111.09,106.08,0.01
14.2,8.69,111.52,106.08,0.01
14.25,8.68,111.95,106.08,0.01
14.3,8.67,112.39,106.08,0.01
14.35,8.67,112.82,106.08,0.01
14.4,8.66,113.25,106.08,0.01
14.45,8.65,113.69,106.08,0.01
14.5,8.65,114.12,106.08,0.01
14.55,8.64,114.55,106.08,0.01
14.6,8.63,114.98,106.08,0.01
14.65,8.62,115.41,106.08,0.01
14.7,8.62,115.84,106.08,0.01
14.75,8.61,116.27,106.08,0.01
14.8,8.6,116.71,106.08,0.01
14.85,8.59,117.13,106.08,0.01
14.9,8.59,117.56,106.08,0.01
14.95,8.58,117.99,106.08,0.01
15.0,8.57,118.42,106.08,0.01
15.05,8.57,118.85,106.08,0.01
15.1,8.56,119.28,106.08,0.01
15.15,8.55,119.71,106.08,0.01
15.2,8.54,120.13,106.08,0.01
15.25,8.54,120.56,106.08,0.01
15.3,8.53,120.99,106.08,0.01
15.35,8.52,121.41,106.08,0.01
15.4,8.52,121.84,106.08,0.01
15.45,8.51,122.26,106.08,0.01
15.5,8.5,122.69,106.08,0.01
15.55,8.49,123.11,106.08,0.01
15.6,8.49,123.54,106.08,0.01
15.65,8.48,123.96,106.08,0.01
15.7,8.47,124.39,106.08,0.01
15.75,8.47,124.81,106.08,0.01
15.8,8.46,125.23,106.08,0.01
15.85,8.45,125.65,106.08,0.01
15.9,8.44,126.08,106.08,0.01
15.95,8.44,126.5,106.08,0.01
16.0,8.43,126.92,106.08,0.01
16.05,8.42,127.34,106.08,0.01
16.1,8.42,127.76,106.08,0.01
16.15,8.41,128.18,106.08,0.01
16.2,8.4,128.6,106.08,0.01
16.25,8.4,129.02,106.08,0.01
16.3,8.39,129.44,106.08,0.01
16.35,8.38,129.86,106.08,0.01
16.4,8.37,130.28,106.08,0.01
16.45,8.37,130.7,106.08,0.01
16.5,8.36,131.12,106.08,0.01
16.55,8.35,131.53,106.08,0.01
16.6,8.35,131.95,106.08,0.01
16.65,8.34,132.37,106.08,0.01
16.7,8.33,132.78,106.08,0.01
16.75,8.33,133.2,106.08,0.01
16.8,8.32,133.62,106.08,0.01
16.85,8.31,134.03,106.08,0.01
16.9,8.3,134.45,106.08,0.01
16.95,8.3,134.86,106.08,0.01
17.0,8.29,135.28,106.08,0.01
17.05,8.28,135.69,106.08,0.01
17.1,8.28,136.1,106.08,0.01
17.15,8.27,136.52,106.08,0.01
17.2,8.26,136.93,106.08,0.01
17.25,8.26,137.34,106.08,0.01
17.3,8.25,137.76,106.08,0.01
17.35,8.24,138.17,106.08,0.01
17.4,8.23,138.58,106.08,0.01
17.45,8.23,138.99,106.08,0.01
17.5,8.22,139.4,106.08,0.01
17.55,8.21,139.81,106.08,0.01
17.6,8.21,140.22,106.08,0.01
17.65,8.2,140.63,106.08,0.01
17.7,8.19,141.04,106.08,0.01
17.75,8.19,141.45,106.08,0.01
17.8,8.18,141.86,106.08,0.01
17.85,8.17,142.27,106.08,0.01
17.9,8.17,142.68,106.08,0.01
17.95,8.16,143.09,106.08,0.01
18.0,8.15,143.49,106.08,0.01
18.05,8.14,143.9,106.08,0.01
18.1,8.14,144.31,106.08,0.01
18.15,8.13,144.71,106.08,0.01
18.2,8.12,145.12,106.08,0.01
18.25,8.12,145.53,106.08,0.01
18.3,8.11,145.93,106.08,0.01
18.35,8.1,146.34,106.08,0.01
18.4,8.1,146.74,106.08,0.01
18.45,8.09,147.15,106.08,0.01
18.5,8.08,147.55,106.08,0.01
18.55,8.08,147.96,106.08,0.01
18.6,8.07,148.36,106.08,0.01
18.65,8.06,148.76,106.08,0.01
18.7,8.06,149.16,106.08,0.01
18.75,8.05,149.57,106.08,0.01
18.8,8.04,149.97,106.08,0.01
18.85,8.04,150.37,106.08,0.01
18.9,8.03,150.77,106.08,0.01
18.95,8.02,151.17,106.08,0.01
19.0,8.02,151.57,106.08,0.01
19.05,8.01,151.97,106.08,0.01
19.1,8.0,152.37,106.08,0.01
19.15,7.99,152.77,106.08,0.01
19.2,7.99,153.17,106.08,0.01
19.25,7.98,153.57,106.08,0.01
19.3,7.97,153.97,106.08,0.01
19.35,7.97,154.37,106.08,0.01
19.4,7.96,154.77,106.08,0.01
19.45,7.95,155.17,106.08,0.01
19.5,7.95,155.56,106.08,0.01
19.55,7.94,155.96,106.08,0.01
19.6,7.93,156.36,106.08,0.01
19.65,7.93,156.75,106.08,0.01
19.7,7.92,157.15,106.08,0.01
19.75,7.91,157.54,106.08,0.01
19.8,7.91,157.94,106.08,0.01
19.85,7.9,158.34,106.08,0.01
19.9,7.89,158.73,106.08,0.01
19.95,7.89,159.12,106.08,0.01
20.0,7.88,159.52,106.08,0.01
20.05,7.87,159.91,106.08,0.01
20.1,7.87,160.31,106.08,0.01
20.15,7.86,160.7,106.08,0.01
20.2,7.85,161.09,106.08,0.01
20.25,7.85,161.48,106.08,0.01
20.3,7.84,161.88,106.08,0.01
20.35,7.83,162.27,106.08,0.01
20.4,7.83,162.66,106.08,0.01
20.45,7.82,163.05,106.08,0.01
20.5,7.81,163.44,106.08,0.01
20.55,7.81,163.83,106.08,0.01
20.6,7.8,164.22,106.08,0.01
20.65,7.79,164.61,106.08,0.01
20.7,7.79,165.0,106.08,0.01
20.75,7.78,165.39,106.08,0.01
20.8,7.77,165.78,106.08,0.01
20.85,7.77,166.17,106.08,0.01
20.9,7.76,166.55,106.08,0.01
20.95,7.75,166.94,106.08,0.01
21.0,7.75,167.33,106.08,0.01
21.05,7.74,167.72,106.08,0.01
21.1,7.73,168.1,106.08,0.01
21.15,7.73,168.49,106.08,0.01
21.2,7.72,168.88,106.08,0.01
21.25,7.71,169.26,106.08,0.01
21.3,7.71,169.65,106.08,0.01
21.35,7.7,170.03,106.08,0.01
21.4,7.69,170.42,106.08,0.01
21.45,7.69,170.8,106.08,0.01
21.5,7.68,171.18,106.08,0.01
21.55,7.68,171.57,106.08,0.01
21.6,7.67,171.95,106.08,0.01
21.65,7.66,172.33,106.08,0.01
21.7,7.66,172.72,106.08,0.01
21.75,7.65,173.1,106.08,0.01
21.8,7.64,173.48,106.08,0.01
21.85,7.64,173.86,106.08,0.01
21.9,7.63,174.25,106.08,0.01
21.95,7.62,174.63,106.08,0.01
22.0,7.62,175.01,106.08,0.01
22.05,7.61,175.39,106.08,0.01
22.1,7.6,175.77,106.08,0.01
22.15,7.6,176.15,106.08,0.01
22.2,7.59,176.53,106.08,0.01
22.25,7.58,176.91,106.08,0.01
22.3,7.58,177.29,106.08,0.01
22.35,7.57,177.66,106.08,0.01
22.4,7.56,178.04,106.08,0.01
22.45,7.56,178.42,106.08,0.01
22.5,7.55,178.8,106.08,0.01
22.55,7.54,179.17,106.08,0.01
22.6,7.54,179.55,106.08,0.01
22.65,7.53,179.93,106.08,0.01
22.7,7.53,180.3,106.08,0.01
22.75,7.52,180.68,106.08,0.01
22.8,7.51,181.06,106.08,0.01
22.85,7.51,181.43,106.08,0.01
22.9,7.5,181.81,106.08,0.01
22.95,7.49,182.18,106.08,0.01
23.0,7.49,182.56,106.08,0.01
23.05,7.48,182.93,106.08,0.01
23.1,7.47,183.3,106.08,0.01
23.15,7.47,183.68,106.08,0.01
23.2,7.46,184.05,106.08,0.01
23.25,7.45,184.42,106.08,0.01
23.3,7.45,184.79,106.08,0.01
23.35,7.44,185.17,106.08,0.01
23.4,7.44,185.54,106.08,0.01
23.45,7.43,185.91,106.08,0.01
23.5,7.42,186.28,106.08,0.01
23.55,7.42,186.65,106.08,0.01
23.6,7.41,187.02,106.08,0.01
23.65,7.4,187.39,106.08,0.01
23.7,7.4,187.76,106.08,0.01
23.75,7.39,188.13,106.08,0.01
23.8,7.38,188.5,106.08,0.01
23.85,7.38,188.87,106.08,0.01
23.9,7.37,189.24,106.08,0.01
23.95,7.36,189.61,106.08,0.01
24.0,7.36,189.97,106.08,0.01
24.05,7.35,190.34,106.08,0.01
24.1,7.35,190.71,106.08,0.01
24.15,7.34,191.08,106.08,0.01
24.2,7.33,191.44,106.08,0.01
24.25,7.33,191.81,106.08,0.01
24.3,7.32,192.18,106.08,0.01
24.35,7.31,192.54,106.08,0.01
24.4,7.31,192.91,106.08,0.01
24.45,7.3,193.27,106.08,0.01
24.5,7.3,193.64,106.08,0.01
24.55,7.29,194.0,106.08,0.01
24.6,7.28,194.36,106.08,0.01
24.65,7.28,194.73,106.08,0.01
24.7,7.27,195.09,106.08,0.01
24.75,7.26,195.46,106.08,0.01
24.8,7.26,195.82,106.08,0.01
24.85,7.25,196.18,106.08,0.01
24.9,7.24,196.54,106.08,0.01
24.95,7.24,196.9,106.08,0.01
25.0,7.23,197.27,106.08,0.01
25.05,7.23,197.63,106.08,0.01
25.1,7.22,197.99,106.08,0.01
25.15,7.21,198.35,106.08,0.01
25.2,7.21,198.71,106.08,0.01
25.25,7.2,199.07,106.08,0.01
25.3,7.19,199.43,106.08,0.01
25.35,7.19,199.79,106.08,0.01
25.4,7.18,200.15,106.08,0.01
25.45,7.18,200.51,106.08,0.01
25.5,7.17,200.87,106.08,0.01
25.55,7.16,201.22,106.08,0.01
25.6,7.16,201.58,106.08,0.01
25.65,7.15,201.94,106.08,0.01
25.7,7.14,202.3,106.08,0.01
25.75,7.14,202.65,106.08,0.01
25.8,7.13,203.01,106.08,0.01
25.85,7.13,203.37,106.08,0.01
25.9,7.12,203.72,106.08,0.01
25.95,7.11,204.08,106.08,0.01
26.0,7.11,204.43,106.08,0.01
26.05,7.1,204.79,106.08,0.01
26.1,7.09,205.14,106.08,0.01
26.15,7.09,205.5,106.08,0.01
26.2,7.08,205.85,106.08,0.01
26.25,7.08,206.21,106.08,0.01
26.3,7.07,206.56,106.08,0.01
26.35,7.06,206.91,106.08,0.01
26.4,7.06,207.26,106.08,0.01
26.45,7.05,207.62,106.08,0.01
26.5,7.05,207.97,106.08,0.01
26.55,7.04,208.32,106.08,0.01
26.6,7.03,208.67,106.08,0.01
26.65,7.03,209.02,106.08,0.01
26.7,7.02,209.38,106.08,0.01
26.75,7.01,209.73,106.08,0.01
26.8,7.01,210.08,106.08,0.01
26.85,7.0,210.43,106.08,0.01
26.9,7.0,210.78,106.08,0.01
26.95,6.99,211.13,106.08,0.01
27.0,6.98,211.48,106.08,0.01
27.05,6.98,211.82,106.08,0.01
27.1,6.97,212.17,106.08,0.01
27.15,6.97,212.52,106.08,0.01
27.2,6.96,212.87,106.08,0.01
27.25,6.95,213.22,106.08,0.01
27.3,6.95,213.56,106.08,0.01
27.35,6.94,213.91,106.08,0.01
27.4,6.93,214.26,106.08,0.01
27.45,6.93,214.6,106.08,0.01
27.5,6.92,214.95,106.08,0.01
27.55,6.92,215.3,106.08,0.01
27.6,6.91,215.64,106.08,0.01
27.65,6.9,215.99,106.08,0.01
27.7,6.9,216.33,106.08,0.01
27.75,6.89,216.68,106.08,0.01
27.8,6.89,217.02,106.08,0.01
27.85,6.88,217.36,106.08,0.01
27.9,6.87,217.71,106.08,0.01
27.95,6.87,218.05,106.08,0.01
28.0,6.86,218.4,106.08,0.01
28.05,6.86,218.74,106.08,0.01
28.1,6.85,219.08,106.08,0.01
28.15,6.84,219.42,106.08,0.01
28.2,6.84,219.76,106.08,0.01
28.25,6.83,220.11,106.08,0.01
28.3,6.83,220.45,106.08,0.01
28.35,6.82,220.79,106.08,0.01
28.4,6.81,221.13,106.08,0.01
28.45,6.81,221.47,106.08,0.01
28.5,6.8,221.81,106.08,0.01
28.55,6.8,222.15,106.08,0.01
28.6,6.79,222.49,106.08,0.01
28.65,6.78,222.83,106.08,0.01
28.7,6.78,223.17,106.08,0.01
28.75,6.77,223.51,106.08,0.01
28.8,6.77,223.84,106.08,0.01
28.85,6.76,224.18,106.08,0.01
28.9,6.75,224.52,106.08,0.01
28.95,6.75,224.86,106.08,0.01
29.0,6.74,225.19,106.08,0.01
29.05,6.74,225.53,106.08,0.01
29.1,6.73,225.87,106.08,0.01
29.15,6.72,226.2,106.08,0.01
29.2,6.72,226.54,106.08,0.01
29.25,6.71,226.87,106.08,0.01
29.3,6.71,227.21,106.08,0.01
29.35,6.7,227.54,106.08,0.01
29.4,6.69,227.88,106.08,0.01
29.45,6.69,228.21,106.08,0.01
29.5,6.68,228.55,106.08,0.01
29.55,6.68,228.88,106.08,0.01
29.6,6.67,229.22,106.08,0.01
29.65,6.66,229.55,106.08,0.01
29.7,6.66,229.88,106.08,0.01
29.75,6.65,230.21,106.08,0.01
29.8,6.65,230.55,106.08,0.01
29.85,6.64,230.88,106.08,0.01
29.9,6.63,231.21,106.08,0.01
29.95,6.63,231.54,106.08,0.01
30.0,6.62,231.87,106.08,0.01
30.05,6.62,232.2,106.08,0.01
30.1,6.61,232.53,106.08,0.01
30.15,6.6,232.86,106.08,0.01
30.2,6.6,233.19,106.08,0.01
30.25,6.59,233.52,106.08,0.01
30.3,6.59,233.85,106.08,0.01
30.35,6.58,234.18,106.08,0.01
30.4,6.57,234.51,106.08,0.01
30.45,6.57,234.84,106.08,0.01
30.5,6.56,235.17,106.08,0.01
30.55,6.56,235.49,106.08,0.01
30.6,6.55,235.82,106.08,0.01
30.65,6.55,236.15,106.08,0.01
30.7,6.54,236.48,106.08,0.01
30.75,6.53,236.8,106.08,0.01
30.8,6.53,237.13,106.08,0.01
30.85,6.52,237.46,106.08,0.01
30.9,6.52,237.78,106.08,0.01
30.95,6.51,238.11,106.08,0.01
31.0,6.5,238.43,106.08,0.01
31.05,6.5,238.76,106.08,0.01
31.1,6.49,239.08,106.08,0.01
31.15,6.49,239.41,106.08,0.01
31.2,6.48,239.73,106.08,0.01
31.25,6.48,240.05,106.08,0.01
31.3,6.47,240.38,106.08,0.01
31.35,6.46,240.7,106.08,0.01
31.4,6.46,241.02,106.08,0.01
31.45,6.45,241.35,106.08,0.01
31.5,6.45,241.67,106.08,0.01
31.55,6.44,241.99,106.08,0.01
31.6,6.43,242.31,106.08,0.01
31.65,6.43,242.63,106.08,0.01
31.7,6.42,242.95,106.08,0.01
31.75,6.42,243.28,106.08,0.01
31.8,6.41,243.6,106.08,0.01
31.85,6.41,243.92,106.08,0.01
31.9,6.4,244.24,106.08,0.01
31.95,6.39,244.56,106.08,0.01
32.0,6.39,244.88,106.08,0.01
32.05,6.38,245.19,106.08,0.01
32.1,6.38,245.51,106.08,0.01
32.15,6.37,245.83,106.08,0.01
32.2,6.36,246.15,106.08,0.01
32.25,6.36,246.47,106.08,0.01
32.3,6.35,246.79,106.08,0.01
32.35,6.35,247.1,106.08,0.01
32.4,6.34,247.42,106.08,0.01
32.45,6.34,247.74,106.08,0.01
32.5,6.33,248.05,106.08,0.01
32.55,6.32,248.37,106.08,0.01
32.6,6.32,248.69,106.08,0.01
32.65,6.31,249.0,106.08,0.01
32.7,6.31,249.32,106.08,0.01
32.75,6.3,249.63,106.08,0.01
32.8,6.3,249.95,106.08,0.01
32.85,6.29,250.26,106.08,0.01
32.9,6.28,250.58,106.08,0.01
32.95,6.28,250.89,106.08,0.01
33.0,6.27,251.2,106.08,0.01
33.05,6.27,251.52,106.08,0.01
33.1,6.26,251.83,106.08,0.01
33.15,6.26,252.14,106.08,0.01
33.2,6.25,252.45,106.08,0.01
33.25,6.24,252.77,106.08,0.01
33.3,6.24,253.08,106.08,0.01
33.35,6.23,253.39,106.08,0.01
33.4,6.23,253.7,106.08,0.01
33.45,6.22,254.01,106.08,0.01
33.5,6.22,254.32,106.08,0.01
33.55,6.21,254.63,106.08,0.01
33.6,6.2,254.94,106.08,0.01
33.65,6.2,255.25,106.08,0.01
33.7,6.19,255.56,106.08,0.01
33.75,6.19,255.87,106.08,0.01
33.8,6.18,256.18,106.08,0.01
33.85,6.18,256.49,106.08,0.01
33.9,6.17,256.8,106.08,0.01
33.95,6.16,257.11,106.08,0.01
34.0,6.16,257.41,106.08,0.01
34.05,6.15,257.72,106.08,0.01
34.1,6.15,258.03,106.08,0.01
34.15,6.14,258.34,106.08,0.01
34.2,6.14,258.64,106.08,0.01
34.25,6.13,258.95,106.08,0.01
34.3,6.12,259.26,106.08,0.01
34.35,6.12,259.56,106.08,0.01
34.4,6.11,259.87,106.08,0.01
34.45,6.11,260.17,106.08,0.01
34.5,6.1,260.48,106.08,0.01
34.55,6.1,260.78,106.08,0.01
34.6,6.09,261.09,106.08,0.01
34.65,6.08,261.39,106.08,0.01
34.7,6.08,261.7,106.08,0.01
34.75,6.07,262.0,106.08,0.01
34.8,6.07,262.3,106.08,0.01
34.85,6.06,262.61,106.08,0.01
34.9,6.06,262.91,106.08,0.01
34.95,6.05,263.21,106.08,0.01
35.0,6.05,263.51,106.08,0.01
35.05,6.04,263.82,106.08,0.01
35.1,6.03,264.12,106.08,0.01
35.15,6.03,264.42,106.08,0.01
35.2,6.02,264.72,106.08,0.01
35.25,6.02,265.02,106.08,0.01
35.3,6.01,265.32,106.08,0.01
35.35,6.01,265.62,106.08,0.01
35.4,6.0,265.92,106.08,0.01
35.45,5.99,266.22,106.08,0.01
35.5,5.99,266.52,106.08,0.01
35.55,5.98,266.82,106.08,0.01
35.6,5.98,267.12,106.08,0.01
35.65,5.97,267.42,106.08,0.01
35.7,5.97,267.72,106.08,0.01
35.75,5.96,268.01,106.08,0.01
35.8,5.96,268.31,106.08,0.01
35.85,5.95,268.61,106.08,0.01
35.9,5.94,268.91,106.08,0.01
35.95,5.94,269.2,106.08,0.01
36.0,5.93,269.5,106.08,0.01
36.05,5.93,269.8,106.08,0.01
36.1,5.92,270.09,106.08,0.01
36.15,5.92,270.39,106.08,0.01
36.2,5.91,270.68,106.08,0.01
36.25,5.91,270.98,106.08,0.01
36.3,5.9,271.27,106.08,0.01
36.35,5.89,271.57,106.08,0.01
36.4,5.89,271.86,106.08,0.01
36.45,5.88,272.16,106.08,0.01
36.5,5.88,272.45,106.08,0.01
36.55,5.87,272.75,106.08,0.01
36.6,5.87,273.04,106.08,0.01
36.65,5.86,273.33,106.08,0.01
36.7,5.86,273.62,106.08,0.01
36.75,5.85,273.92,106.08,0.01
36.8,5.84,274.21,106.08,0.01
36.85,5.84,274.5,106.08,0.01
36.9,5.83,274.79,106.08,0.01
36.95,5.83,275.08,106.08,0.01
37.0,5.82,275.38,106.08,0.01
37.05,5.82,275.67,106.08,0.01
37.1,5.81,275.96,106.08,0.01
37.15,5.81,276.25,106.08,0.01
37.2,5.8,276.54,106.08,0.01
37.25,5.8,276.83,106.08,0.01
37.3,5.79,277.12,106.08,0.01
37.35,5.78,277.41,106.08,0.01
37.4,5.78,277.69,106.08,0.01
37.45,5.77,277.98,106.08,0.01
37.5,5.77,278.27,106.08,0.01
37.55,5.76,278.56,106.08,0.01
37.6,5.76,278.85,106.08,0.01
37.65,5.75,279.14,106.08,0.01
37.7,5.75,279.42,106.08,0.01
37.75,5.74,279.71,106.08,0.01
37.8,5.73,280.0,106.08,0.01
37.85,5.73,280.28,106.08,0.01
37.9,5.72,280.57,106.08,0.01
37.95,5.72,280.85,106.08,0.01
38.0,5.71,281.14,106.08,0.01
38.05,5.71,281.43,106.08,0.01
38.1,5.7,281.71,106.08,0.01
38.15,5.7,282.0,106.08,0.01
38.2,5.69,282.28,106.08,0.01
38.25,5.69,282.56,106.08,0.01
38.3,5.68,282.85,106.08,0.01
38.35,5.67,283.13,106.08,0.01
38.4,5.67,283.42,106.08,0.01
38.45,5.66,283.7,106.08,0.01
38.5,5.66,283.98,106.08,0.01
38.55,5.65,284.26,106.08,0.01
38.6,5.65,284.55,106.08,0.01
38.65,5.64,284.83,106.08,0.01
38.7,5.64,285.11,106.08,0.01
38.75,5.63,285.39,106.08,0.01
38.8,5.63,285.67,106.08,0.01
38.85,5.62,285.96,106.08,0.01
38.9,5.62,286.24,106.08,0.01
38.95,5.61,286.52,106.08,0.01
39.0,5.6,286.8,106.08,0.01
39.05,5.6,287.08,106.08,0.01
39.1,5.59,287.36,106.08,0.01
39.15,5.59,287.64,106.08,0.01
39.2,5.58,287.91,106.08,0.01
39.25,5.58,288.19,106.08,0.01
39.3,5.57,288.47,106.08,0.01
39.35,5.57,288.75,106.08,0.01
39.4,5.56,289.03,106.08,0.01
39.45,5.56,289.31,106.08,0.01
39.5,5.55,289.58,106.08,0.01
39.55,5.55,289.86,106.08,0.01
39.6,5.54,290.14,106.08,0.01
39.65,5.53,290.41,106.08,0.01
39.7,5.53,290.69,106.08,0.01
39.75,5.52,290.97,106.08,0.01
39.8,5.52,291.24,106.08,0.01
39.85,5.51,291.52,106.08,0.01
39.9,5.51,291.79,106.08,0.01
39.95,5.5,292.07,106.08,0.01
40.0,5.5,292.34,106.08,0.01
40.05,5.49,292.62,106.08,0.01
40.1,5.49,292.89,106.08,0.01
40.15,5.48,293.17,106.08,0.01
40.2,5.48,293.44,106.08,0.01
40.25,5.47,293.71,106.08,0.01
40.3,5.46,293.99,106.08,0.01
40.35,5.46,294.26,106.08,0.01
40.4,5.45,294.53,106.08,0.01
40.45,5.45,294.81,106.08,0.01
40.5,5.44,295.08,106.08,0.01
40.55,5.44,295.35,106.08,0.01
40.6,5.43,295.62,106.08,0.01
40.65,5.43,295.89,106.08,0.01
40.7,5.42,296.16,106.08,0.01
40.75,5.42,296.44,106.08,0.01
40.8,5.41,296.71,106.08,0.01
40.85,5.41,296.98,106.08,0.01
40.9,5.4,297.25,106.08,0.01
40.95,5.4,297.52,106.08,0.01
41.0,5.39,297.79,106.08,0.01
41.05,5.39,298.05,106.08,0.01
41.1,5.38,298.32,106.08,0.01
41.15,5.37,298.59,106.08,0.01
41.2,5.37,298.86,106.08,0.01
41.25,5.36,299.13,106.08,0.01
41.3,5.36,299.4,106.08,0.01
41.35,5.35,299.66,106.08,0.01
41.4,5.35,299.93,106.08,0.01
41.45,5.34,300.2,106.08,0.01
41.5,5.34,300.47,106.08,0.01
41.55,5.33,300.73,106.08,0.01
41.6,5.33,301.0,106.08,0.01
41.65,5.32,301.27,106.08,0.01
41.7,5.32,301.53,106.08,0.01
41.75,5.31,301.8,106.08,0.01
41.8,5.31,302.06,106.08,0.01
41.85,5.3,302.33,106.08,0.01
41.9,5.3,302.59,106.08,0.01
41.95,5.29,302.86,106.08,0.01
42.0,5.28,303.12,106.08,0.01
42.05,5.28,303.38,106.08,0.01
42.1,5.27,303.65,106.08,0.01
42.15,5.27,303.91,106.08,0.01
42.2,5.26,304.17,106.08,0.01
42.25,5.26,304.44,106.08,0.01
42.3,5.25,304.7,106.08,0.01
42.35,5.25,304.96,106.08,0.01
42.4,5.24,305.22,106.08,0.01
42.45,5.24,305.49,106.08,0.01
42.5,5.23,305.75,106.08,0.01
42.55,5.23,306.01,106.08,0.01
42.6,5.22,306.27,106.08,0.01
42.65,5.22,306.53,106.08,0.01
42.7,5.21,306.79,106.08,0.01
42.75,5.21,307.05,106.08,0.01
42.8,5.2,307.31,106.08,0.01
42.85,5.2,307.57,106.08,0.01
42.9,5.19,307.83,106.08,0.01
42.95,5.19,308.09,106.08,0.01
43.0,5.18,308.35,106.08,0.01
43.05,5.17,308.61,106.08,0.01
43.1,5.17,308.87,106.08,0.01
43.15,5.16,309.13,106.08,0.01
43.2,5.16,309.38,106.08,0.01
43.25,5.15,309.64,106.08,0.01
43.3,5.15,309.9,106.08,0.01
43.35,5.14,310.16,106.08,0.01
43.4,5.14,310.41,106.08,0.01
43.45,5.13,310.67,106.08,0.01
43.5,5.13,310.93,106.08,0.01
43.55,5.12,311.18,106.08,0.01
43.6,5.12,311.44,106.08,0.01
43.65,5.11,311.69,106.08,0.01
43.7,5.11,311.95,106.08,0.01
43.75,5.1,312.2,106.08,0.01
43.8,5.1,312.46,106.08,0.01
43.85,5.09,312.71,106.08,0.01
43.9,5.09,312.97,106.08,0.01
43.95,5.08,313.22,106.08,0.01
44.0,5.08,313.48,106.08,0.01
44.05,5.07,313.73,106.08,0.01
44.1,5.07,313.98,106.08,0.01
44.15,5.06,314.24,106.08,0.01
44.2,5.06,314.49,106.08,0.01
44.25,5.05,314.74,106.08,0.01
44.3,5.05,314.99,106.08,0.01
44.35,5.04,315.25,106.08,0.01
44.4,5.04,315.5,106.08,0.01
44.45,5.03,315.75,106.08,0.01
44.5,5.02,316.0,106.08,0.01
44.55,5.02,316.25,106.08,0.01
44.6,5.01,316.5,106.08,0.01
44.65,5.01,316.75,106.08,0.01
44.7,5.0,317.0,106.08,0.01
44.75,5.0,317.25,106.08,0.01
44.8,4.99,317.5,106.08,0.01
44.85,4.99,317.75,106.08,0.01
44.9,4.98,318.0,106.08,0.01
44.95,4.98,318.25,106.08,0.01
45.0,4.97,318.5,106.08,0.01
45.05,4.97,318.75,106.08,0.01
45.1,4.96,318.99,106.08,0.01
45.15,4.96,319.24,106.08,0.01
45.2,4.95,319.49,106.08,0.01
45.25,4.95,319.74,106.08,0.01
45.3,4.94,319.98,106.08,0.01
45.35,4.94,320.23,106.08,0.01
45.4,4.93,320.48,106.08,0.01
45.45,4.93,320.72,106.08,0.01
45.5,4.92,320.97,106.08,0.01
45.55,4.92,321.22,106.08,0.01
45.6,4.91,321.46,106.08,0.01
45.65,4.91,321.71,106.08,0.01
45.7,4.9,321.95,106.08,0.01
45.75,4.9,322.2,106.08,0.01
45.8,4.89,322.44,106.08,0.01
45.85,4.89,322.69,106.08,0.01
45.9,4.88,322.93,106.08,0.01
45.95,4.88,323.17,106.08,0.01
46.0,4.87,323.42,106.08,0.01
46.05,4.87,323.66,106.08,0.01
46.1,4.86,323.9,106.08,0.01
46.15,4.86,324.15,106.08,0.01
46.2,4.85,324.39,106.08,0.01
46.25,4.85,324.63,106.08,0.01
46.3,4.84,324.87,106.08,0.01
46.35,4.84,325.12,106.08,0.01
46.4,4.83,325.36,106.08,0.01
46.45,4.83,325.6,106.08,0.01
46.5,4.82,325.84,106.08,0.01
46.55,4.82,326.08,106.08,0.01
46.6,4.81,326.32,106.08,0.01
46.65,4.81,326.56,106.08,0.01
46.7,4.8,326.8,106.08,0.01
46.75,4.8,327.04,106.08,0.01
46.8,4.79,327.28,106.08,0.01
46.85,4.79,327.52,106.08,0.01
46.9,4.78,327.76,106.08,0.01
46.95,4.78,328.0,106.08,0.01
47.0,4.77,328.24,106.08,0.01
47.05,4.77,328.47,106.08,0.01
47.1,4.76,328.71,106.08,0.01
47.15,4.76,328.95,106.08,0.01
47.2,4.75,329.19,106.08,0.01
47.25,4.75,329.42,106.08,0.01
47.3,4.74,329.66,106.08,0.01
47.35,4.73,329.9,106.08,0.01
47.4,4.73,330.13,106.08,0.01
47.45,4.72,330.37,106.08,0.01
47.5,4.72,330.61,106.08,0.01
47.55,4.71,330.84,106.08,0.01
47.6,4.71,331.08,106.08,0.01
47.65,4.7,331.31,106.08,0.01
47.7,4.7,331.55,106.08,0.01
47.75,4.69,331.78,106.08,0.01
47.8,4.69,332.02,106.08,0.01
47.85,4.68,332.25,106.08,0.01
47.9,4.68,332.49,106.08,0.01
47.95,4.67,332.72,106.08,0.01
48.0,4.67,332.95,106.08,0.01
48.05,4.66,333.19,106.08,0.01
48.1,4.66,333.42,106.08,0.01
48.15,4.65,333.65,106.08,0.01
48.2,4.65,333.88,106.08,0.01
48.25,4.64,334.12,106.08,0.01
48.3,4.64,334.35,106.08,0.01
48.35,4.63,334.58,106.08,0.01
48.4,4.63,334.81,106.08,0.01
48.45,4.62,335.04,106.08,0.01
48.5,4.62,335.27,106.08,0.01
48.55,4.61,335.51,106.08,0.01
48.6,4.61,335.74,106.08,0.01
48.65,4.6,335.97,106.08,0.01
48.7,4.6,336.2,106.08,0.01
48.75,4.6,336.43,106.08,0.01
48.8,4.59,336.66,106.08,0.01
48.85,4.59,336.88,106.08,0.01
48.9,4.58,337.11,106.08,0.01
48.95,4.58,337.34,106.08,0.01
49.0,4.57,337.57,106.08,0.01
49.05,4.57,337.8,106.08,0.01
49.1,4.56,338.03,106.08,0.01
49.15,4.56,338.25,106.08,0.01
49.2,4.55,338.48,106.08,0.01
49.25,4.55,338.71,106.08,0.01
49.3,4.54,338.94,106.08,0.01
49.35,4.54,339.16,106.08,0.01
49.4,4.53,339.39,106.08,0.01
49.45,4.53,339.62,106.08,0.01
49.5,4.52,339.84,106.08,0.01
49.55,4.52,340.07,106.08,0.01
49.6,4.51,340.29,106.08,0.01
49.65,4.51,340.52,106.08,0.01
49.7,4.5,340.74,106.08,0.01
49.75,4.5,340.97,106.08,0.01
49.8,4.49,341.19,106.08,0.01
49.85,4.49,341.42,106.08,0.01
49.9,4.48,341.64,106.08,0.01
49.95,4.48,341.87,106.08,0.01
50.0,4.47,342.09,106.08,0.01
50.05,4.47,342.31,106.08,0.01
50.1,4.46,342.54,106.08,0.01
50.15,4.46,342.76,106.08,0.01
50.2,4.45,342.98,106.08,0.01
50.25,4.45,343.2,106.08,0.01
50.3,4.44,343.43,106.08,0.01
50.35,4.44,343.65,106.08,0.01
50.4,4.43,343.87,106.08,0.01
50.45,4.43,344.09,106.08,0.01
50.5,4.42,344.31,106.08,0.01
50.55,4.42,344.53,106.08,0.01
50.6,4.41,344.75,106.08,0.01
50.65,4.41,344.97,106.08,0.01
50.7,4.4,345.19,106.08,0.01
50.75,4.4,345.41,106.08,0.01
50.8,4.39,345.63,106.08,0.01
50.85,4.39,345.85,106.08,0.01
50.9,4.38,346.07,106.08,0.01
50.95,4.38,346.29,106.08,0.01
51.0,4.37,346.51,106.08,0.01
51.05,4.37,346.73,106.08,0.01
51.1,4.36,346.95,106.08,0.01
51.15,4.36,347.16,106.08,0.01
51.2,4.35,347.38,106.08,0.01
51.25,4.35,347.6,106.08,0.01
51.3,4.34,347.82,106.08,0.01
51.35,4.34,348.03,106.08,0.01
51.4,4.33,348.25,106.08,0.01
51.45,4.33,348.47,106.08,0.01
51.5,4.32,348.68,106.08,0.01
51.55,4.32,348.9,106.08,0.01
51.6,4.31,349.11,106.08,0.01
51.65,4.31,349.33,106.08,0.01
51.7,4.31,349.54,106.08,0.01
51.75,4.3,349.76,106.08,0.01
51.8,4.3,349.97,106.08,0.01
51.85,4.29,350.19,106.08,0.01
51.9,4.29,350.4,106.08,0.01
51.95,4.28,350.62,106.08,0.01
52.0,4.28,350.83,106.08,0.01
52.05,4.27,351.04,106.08,0.01
52.1,4.27,351.26,106.08,0.01
52.15,4.26,351.47,106.08,0.01
52.2,4.26,351.68,106.08,0.01
52.25,4.25,351.9,106.08,0.01
52.3,4.25,352.11,106.08,0.01
52.35,4.24,352.32,106.08,0.01
52.4,4.24,352.53,106.08,0.01
52.45,4.23,352.74,106.08,0.01
52.5,4.23,352.96,106.08,0.01
52.55,4.22,353.17,106.08,0.01
52.6,4.22,353.38,106.08,0.01
52.65,4.21,353.59,106.08,0.01
52.7,4.21,353.8,106.08,0.01
52.75,4.2,354.01,106.08,0.01
52.8,4.2,354.22,106.08,0.01
52.85,4.19,354.43,106.08,0.01
52.9,4.19,354.64,106.08,0.01
52.95,4.18,354.85,106.08,0.01
53.0,4.18,355.06,106.08,0.01
53.05,4.17,355.26,106.08,0.01
53.1,4.17,355.47,106.08,0.01
53.15,4.16,355.68,106.08,0.01
53.2,4.16,355.89,106.08,0.01
53.25,4.16,356.1,106.08,0.01
53.3,4.15,356.3,106.08,0.01
53.35,4.15,356.51,106.08,0.01
53.4,4.14,356.72,106.08,0.01
53.45,4.14,356.93,106.08,0.01
53.5,4.13,357.13,106.08,0.01
53.55,4.13,357.34,106.08,0.01
53.6,4.12,357.54,106.08,0.01
53.65,4.12,357.75,106.08,0.01
53.7,4.11,357.96,106.08,0.01
53.75,4.11,358.16,106.08,0.01
53.8,4.1,358.37,106.08,0.01
53.85,4.1,358.57,106.08,0.01
53.9,4.09,358.78,106.08,0.01
53.95,4.09,358.98,106.08,0.01
54.0,4.08,359.18,106.08,0.01
54.05,4.08,359.39,106.08,0.01
54.1,4.07,359.59,106.08,0.01
54.15,4.07,359.8,106.08,0.01
54.2,4.06,360.0,106.08,0.01
54.25,4.06,360.2,106.08,0.01
54.3,4.05,360.4,106.08,0.01
54.35,4.05,360.61,106.08,0.01
54.4,4.04,360.81,106.08,0.01
54.45,4.04,361.01,106.08,0.01
54.5,4.04,361.21,106.08,0.01
54.55,4.03,361.41,106.08,0.01
54.6,4.03,361.62,106.08,0.01
54.65,4.02,361.82,106.08,0.01
54.7,4.02,362.02,106.08,0.01
54.75,4.01,362.22,106.08,0.01
54.8,4.01,362.42,106.08,0.01
54.85,4.0,362.62,106.08,0.01
54.9,4.0,362.82,106.08,0.01
54.95,3.99,363.02,106.08,0.01
55.0,3.99,363.22,106.08,0.01
55.05,3.98,363.42,106.08,0.01
55.1,3.98,363.62,106.08,0.01
55.15,3.97,363.81,106.08,0.01
55.2,3.97,364.01,106.08,0.01
55.25,3.96,364.21,106.08,0.01
55.3,3.96,364.41,106.08,0.01
55.35,3.95,364.61,106.08,0.01
55.4,3.95,364.8,106.08,0.01
55.45,3.95,365.0,106.08,0.01
55.5,3.94,365.2,106.08,0.01
55.55,3.94,365.4,106.08,0.01
55.6,3.93,365.59,106.08,0.01
55.65,3.93,365.79,106.08,0.01
55.7,3.92,365.98,106.08,0.01
55.75,3.92,366.18,106.08,0.01
55.8,3.91,366.38,106.08,0.01
55.85,3.91,366.57,106.08,0.01
55.9,3.9,366.77,106.08,0.01
55.95,3.9,366.96,106.08,0.01
56.0,3.89,367.16,106.08,0.01
56.05,3.89,367.35,106.08,0.01
56.1,3.88,367.54,106.08,0.01
56.15,3.88,367.74,106.08,0.01
56.2,3.87,367.93,106.08,0.01
56.25,3.87,368.13,106.08,0.01
56.3,3.86,368.32,106.08,0.01
56.35,3.86,368.51,106.08,0.01
56.4,3.86,368.7,106.08,0.01
56.45,3.85,368.9,106.08,0.01
56.5,3.85,369.09,106.08,0.01
56.55,3.84,369.28,106.08,0.01
56.6,3.84,369.47,106.08,0.01
56.65,3.83,369.66,106.08,0.01
56.7,3.83,369.86,106.08,0.01
56.75,3.82,370.05,106.08,0.01
56.8,3.82,370.24,106.08,0.01
56.85,3.81,370.43,106.08,0.01
56.9,3.81,370.62,106.08,0.01
56.95,3.8,370.81,106.08,0.01
57.0,3.8,371.0,106.08,0.01
57.05,3.79,371.19,106.08,0.01
57.1,3.79,371.38,106.08,0.01
57.15,3.78,371.57,106.08,0.01
57.2,3.78,371.76,106.08,0.01
57.25,3.78,371.95,106.08,0.01
57.3,3.77,372.13,106.08,0.01
57.35,3.77,372.32,106.08,0.01
57.4,3.76,372.51,106.08,0.01
57.45,3.76,372.7,106.08,0.01
57.5,3.75,372.89,106.08,0.01
57.55,3.75,373.07,106.08,0.01
57.6,3.74,373.26,106.08,0.01
57.65,3.74,373.45,106.08,0.01
57.7,3.73,373.63,106.08,0.01
57.75,3.73,373.82,106.08,0.01
57.8,3.72,374.01,106.08,0.01
57.85,3.72,374.19,106.08,0.01
57.9,3.71,374.38,106.08,0.01
57.95,3.71,374.56,106.08,0.01
58.0,3.71,374.75,106.08,0.01
58.05,3.7,374.93,106.08,0.01
58.1,3.7,375.12,106.08,0.01
58.15,3.69,375.3,106.08,0.01
58.2,3.69,375.49,106.08,0.01
58.25,3.68,375.67,106.08,0.01
58.3,3.68,375.86,106.08,0.01
58.35,3.67,376.04,106.08,0.01
58.4,3.67,376.22,106.08,0.01
58.45,3.66,376.41,106.08,0.01
58.5,3.66,376.59,106.08,0.01
58.55,3.65,376.77,106.08,0.01
58.6,3.65,376.95,106.08,0.01
58.65,3.65,377.14,106.08,0.01
58.7,3.64,377.32,106.08,0.01
58.75,3.64,377.5,106.08,0.01
58.8,3.63,377.68,106.08,0.01
58.85,3.63,377.86,106.08,0.01
58.9,3.62,378.04,106.08,0.01
58.95,3.62,378.23,106.08,0.01
59.0,3.61,378.41,106.08,0.01
59.05,3.61,378.59,106.08,0.01
59.1,3.6,378.77,106.08,0.01
59.15,3.6,378.95,106.08,0.01
59.2,3.59,379.13,106.08,0.01
59.25,3.59,379.31,106.08,0.01
59.3,3.58,379.49,106.08,0.01
59.35,3.58,379.66,106.08,0.01
59.4,3.58,379.84,106.08,0.01
59.45,3.57,380.02,106.08,0.01
59.5,3.57,380.2,106.08,0.01
59.55,3.56,380.38,106.08,0.01
59.6,3.56,380.56,106.08,0.01
59.65,3.55,380.73,106.08,0.01
59.7,3.55,380.91,106.08,0.01
59.75,3.54,381.09,106.08,0.01
59.8,3.54,381.26,106.08,0.01
59.85,3.53,381.44,106.08,0.01
59.9,3.53,381.62,106.08,0.01
59.95,3.52,381.79,106.08,0.01
60.0,3.52,381.97,106.08,0.01
60.05,3.52,382.15,106.08,0.01
60.1,3.51,382.32,106.08,0.01
60.15,3.51,382.5,106.08,0.01
60.2,3.5,382.67,106.08,0.01
60.25,3.5,382.85,106.08,0.01
60.3,3.49,383.02,106.08,0.01
60.35,3.49,383.2,106.08,0.01
60.4,3.48,383.37,106.08,0.01
60.45,3.48,383.54,106.08,0.01
60.5,3.47,383.72,106.08,0.01
60.55,3.47,383.89,106.08,0.01
60.6,3.47,384.06,106.08,0.01
60.65,3.46,384.24,106.08,0.01
60.7,3.46,384.41,106.08,0.01
60.75,3.45,384.58,106.08,0.01
60.8,3.45,384.76,106.08,0.01
60.85,3.44,384.93,106.08,0.01
60.9,3.44,385.1,106.08,0.01
60.95,3.43,385.27,106.08,0.01
61.0,3.43,385.44,106.08,0.01
61.05,3.42,385.61,106.08,0.01
61.1,3.42,385.78,106.08,0.01
61.15,3.41,385.96,106.08,0.01
61.2,3.41,386.13,106.08,0.01
61.25,3.41,386.3,106.08,0.01
61.3,3.4,386.47,106.08,0.01
61.35,3.4,386.64,106.08,0.01
61.4,3.39,386.81,106.08,0.01
61.45,3.39,386.97,106.08,0.01
61.5,3.38,387.14,106.08,0.01
61.55,3.38,387.31,106.08,0.01
61.6,3.37,387.48,106.08,0.01
61.65,3.37,387.65,106.08,0.01
61.7,3.36,387.82,106.08,0.01
61.75,3.36,387.99,106.08,0.01
61.8,3.36,388.15,106.08,0.01
61.85,3.35,388.32,106.08,0.01
61.9,3.35,388.49,106.08,0.01
61.95,3.34,388.66,106.08,0.01
62.0,3.34,388.82,106.08,0.01
62.05,3.33,388.99,106.08,0.01
62.1,3.33,389.16,106.08,0.01
62.15,3.32,389.32,106.08,0.01
62.2,3.32,389.49,106.08,0.01
62.25,3.31,389.65,106.08,0.01
62.3,3.31,389.82,106.08,0.01
62.35,3.31,389.98,106.08,0.01
62.4,3.3,390.15,106.08,0.01
62.45,3.3,390.31,106.08,0.01
62.5,3.29,390.48,106.08,0.01
62.55,3.29,390.64,106.08,0.01
62.6,3.28,390.81,106.08,0.01
62.65,3.28,390.97,106.08,0.01
62.7,3.27,391.13,106.08,0.01
62.75,3.27,391.3,106.08,0.01
62.8,3.26,391.46,106.08,0.01
62.85,3.26,391.62,106.08,0.01
62.9,3.26,391.79,106.08,0.01
62.95,3.25,391.95,106.08,0.01
63.0,3.25,392.11,106.08,0.01
63.05,3.24,392.27,106.08,0.01
63.1,3.24,392.44,106.08,0.01
63.15,3.23,392.6,106.08,0.01
63.2,3.23,392.76,106.08,0.01
63.25,3.22,392.92,106.08,0.01
63.3,3.22,393.08,106.08,0.01
63.35,3.21,393.24,106.08,0.01
63.4,3.21,393.4,106.08,0.01
63.45,3.21,393.56,106.08,0.01
63.5,3.2,393.72,106.08,0.01
63.55,3.2,393.88,106.08,0.01
63.6,3.19,394.04,106.08,0.01
63.65,3.19,394.2,106.08,0.01
63.7,3.18,394.36,106.08,0.01
63.75,3.18,394.52,106.08,0.01
63.8,3.17,394.68,106.08,0.01
63.85,3.17,394.84,106.08,0.01
63.9,3.17,395.0,106.08,0.01
63.95,3.16,395.15,106.08,0.01
64.0,3.16,395.31,106.08,0.01
64.05,3.15,395.47,106.08,0.01
64.1,3.15,395.63,106.08,0.01
64.15,3.14,395.78,106.08,0.01
64.2,3.14,395.94,106.08,0.01
64.25,3.13,396.1,106.08,0.01
64.3,3.13,396.25,106.08,0.01
64.35,3.12,396.41,106.08,0.01
64.4,3.12,396.57,106.08,0.01
64.45,3.12,396.72,106.08,0.01
64.5,3.11,396.88,106.08,0.01
64.55,3.11,397.03,106.08,0.01
64.6,3.1,397.19,106.08,0.01
64.65,3.1,397.34,106.08,0.01
64.7,3.09,397.5,106.08,0.01
64.75,3.09,397.65,106.08,0.01
64.8,3.08,397.81,106.08,0.01
64.85,3.08,397.96,106.08,0.01
64.9,3.08,398.11,106.08,0.01
64.95,3.07,398.27,106.08,0.01
65.0,3.07,398.42,106.08,0.01
65.05,3.06,398.57,106.08,0.01
65.1,3.06,398.73,106.08,0.01
65.15,3.05,398.88,106.08,0.01
65.2,3.05,399.03,106.08,0.01
65.25,3.04,399.18,106.08,0.01
65.3,3.04,399.34,106.08,0.01
65.35,3.04,399.49,106.08,0.01
65.4,3.03,399.64,106.08,0.01
65.45,3.03,399.79,106.08,0.01
65.5,3.02,399.94,106.08,0.01
65.55,3.02,400.09,106.08,0.01
65.6,3.01,400.24,106.08,0.01
65.65,3.01,400.39,106.08,0.01
65.7,3.0,400.54,106.08,0.01
65.75,3.0,400.69,106.08,0.01
