Time Step,Kart Accel,Vehicle Speed,Total Distance,Clutch Slip
0.0,1.36,0.07,0.0,1.0
0.05,1.36,0.14,0.01,0.99
0.1,1.36,0.2,0.02,0.98
0.15,1.36,0.27,0.03,0.98
0.2,1.36,0.34,0.05,0.97
0.25,1.36,0.41,0.07,0.96
0.3,1.36,0.48,0.1,0.95
0.35,1.36,0.54,0.12,0.94
0.4,1.36,0.61,0.15,0.94
0.45,1.36,0.68,0.19,0.93
0.5,1.36,0.75,0.22,0.92
0.55,1.36,0.81,0.26,0.91
0.6,1.36,0.88,0.31,0.9
0.65,1.36,0.95,0.36,0.89
0.7,1.36,1.02,0.41,0.89
0.75,1.36,1.09,0.46,0.88
0.8,1.36,1.15,0.52,0.87
0.85,1.36,1.22,0.58,0.86
0.9,1.36,1.29,0.64,0.85
0.95,1.36,1.36,0.71,0.85
1.0,1.36,1.42,0.78,0.84
1.05,1.36,1.49,0.86,0.83
1.1,1.36,1.56,0.94,0.82
1.15,1.36,1.63,1.02,0.81
1.2,1.35,1.7,1.1,0.81
1.25,1.35,1.76,1.19,0.8
1.3,1.35,1.83,1.28,0.79
1.35,1.35,1.9,1.38,0.78
1.4,1.35,1.97,1.48,0.77
1.45,1.35,2.03,1.58,0.76
1.5,1.35,2.1,1.68,0.76
1.55,1.35,2.17,1.79,0.75
1.6,1.35,2.24,1.9,0.74
1.65,1.35,2.3,2.02,0.73
1.7,1.35,2.37,2.14,0.72
1.75,1.35,2.44,2.26,0.72
1.8,1.35,2.51,2.38,0.71
1.85,1.35,2.58,2.51,0.7
1.9,1.35,2.64,2.64,0.69
1.95,1.35,2.71,2.78,0.68
2.0,1.35,2.78,2.92,0.68
2.05,1.35,2.85,3.06,0.67
2.1,1.35,2.91,3.21,0.66
2.15,1.35,2.98,3.36,0.65
2.2,1.35,3.05,3.51,0.64
2.25,1.35,3.12,3.66,0.64
2.3,1.35,3.18,3.82,0.63
2.35,1.35,3.25,3.99,0.62
2.4,1.35,3.32,4.15,0.61
2.45,1.35,3.39,4.32,0.6
2.5,1.35,3.45,4.49,0.6
2.55,1.35,3.52,4.67,0.59
2.6,1.35,3.59,4.85,0.58
2.65,1.35,3.65,5.03,0.57
2.7,1.35,3.72,5.22,0.56
2.75,1.35,3.79,5.41,0.55
2.8,1.34,3.86,5.6,0.55
2.85,1.34,3.92,5.8,0.54
2.9,1.34,3.99,6.0,0.53
2.95,1.34,4.06,6.2,0.52
3.0,1.34,4.13,6.41,0.51
3.05,1.34,4.19,6.61,0.51
3.1,1.34,4.26,6.83,0.5
3.15,1.34,4.33,7.04,0.49
3.2,1.34,4.39,7.26,0.48
3.25,1.34,4.46,7.49,0.47
3.3,1.34,4.53,7.71,0.47
3.35,1.34,4.59,7.94,0.46
3.4,1.34,4.66,8.18,0.45
3.45,1.34,4.73,8.41,0.44
3.5,1.34,4.8,8.65,0.43
3.55,1.34,4.86,8.9,0.43
3.6,1.34,4.93,9.14,0.42
3.65,1.34,5.0,9.39,0.41
3.7,1.34,5.06,9.64,0.4
3.75,1.34,5.13,9.9,0.39
3.8,1.33,5.2,10.16,0.39
3.85,1.33,5.26,10.42,0.38
3.9,1.33,5.33,10.69,0.37
3.95,1.33,5.4,10.96,0.36
4.0,1.33,5.46,11.23,0.35
4.05,1.33,5.53,11.51,0.35
4.1,1.33,5.6,11.79,0.34
4.15,1.33,5.66,12.07,0.33
4.2,1.33,5.73,12.36,0.32
4.25,1.33,5.8,12.65,0.31
4.3,1.33,5.86,12.94,0.31
4.35,1.33,5.93,13.24,0.3
4.4,1.33,5.99,13.54,0.29
4.45,1.33,6.06,13.84,0.28
4.5,1.33,6.13,14.15,0.27
4.55,1.33,6.19,14.46,0.27
4.6,1.32,6.26,14.77,0.26
4.65,1.32,6.33,15.09,0.25
4.7,1.32,6.39,15.41,0.24
4.75,1.32,6.46,15.73,0.24
4.8,1.32,6.52,16.06,0.23
4.85,1.32,6.59,16.38,0.22
4.9,1.32,6.66,16.72,0.21
4.95,1.32,6.72,17.05,0.2
5.0,1.32,6.79,17.39,0.2
5.05,1.32,6.85,17.74,0.19
5.1,1.32,6.92,18.08,0.18
5.15,1.32,6.99,18.43,0.17
5.2,1.32,7.05,18.78,0.16
5.25,1.31,7.12,19.14,0.16
5.3,1.31,7.18,19.5,0.15
5.35,1.31,7.25,19.86,0.14
5.4,1.31,7.31,20.23,0.13
5.45,1.31,7.38,20.6,0.13
5.5,1.31,7.45,20.97,0.12
5.55,1.31,7.51,21.34,0.11
5.6,1.31,7.58,21.72,0.1
5.65,1.31,7.64,22.1,0.09
5.7,1.31,7.71,22.49,0.09
5.75,1.31,7.77,22.88,0.08
5.8,1.31,7.84,23.27,0.07
5.85,1.3,7.9,23.67,0.06
5.9,1.3,7.97,24.06,0.05
5.95,1.3,8.03,24.47,0.05
6.0,1.3,8.1,24.87,0.04
6.05,1.3,8.16,25.28,0.03
6.1,1.3,8.23,25.69,0.02
6.15,1.3,8.29,26.1,0.02
6.2,1.3,8.36,26.52,0.01
6.25,1.3,8.42,26.94,0.0
6.3,1.3,8.49,27.37,-0.01
6.35,1.3,8.55,27.8,0.0
6.4,1.29,8.62,28.23,0.0
6.45,1.29,8.68,28.66,0.0
6.5,1.29,8.75,29.1,0.0
6.55,1.29,8.81,29.54,0.0
6.6,1.29,8.88,29.98,0.0
6.65,1.29,8.94,30.43,0.0
6.7,1.29,9.0,30.88,0.0
6.75,1.29,9.07,31.33,0.0
6.8,1.29,9.13,31.79,0.0
6.85,1.29,9.2,32.25,0.0
6.9,1.28,9.26,32.71,0.0
6.95,1.28,9.33,33.18,0.0
7.0,1.28,9.39,33.65,0.0
7.05,1.28,9.45,34.12,0.0
7.1,1.28,9.52,34.6,0.0
7.15,1.28,9.58,35.08,0.0
7.2,1.28,9.65,35.56,0.0
7.25,1.28,9.71,36.04,0.0
7.3,1.28,9.77,36.53,0.0
7.35,1.28,9.84,37.02,0.0
7.4,1.27,9.9,37.52,0.0
7.45,1.27,9.96,38.02,0.0
7.5,1.27,10.03,38.52,0.0
7.55,1.27,10.09,39.02,0.0
7.6,1.27,10.16,39.53,0.0
7.65,1.27,10.22,40.04,0.0
7.7,1.27,10.28,40.56,0.0
7.75,1.27,10.35,41.07,0.0
7.8,1.27,10.41,41.59,0.0
7.85,1.26,10.47,42.12,0.0
7.9,1.26,10.54,42.64,0.0
7.95,1.26,10.6,43.17,0.0
8.0,1.26,10.66,43.71,0.0
8.05,1.26,10.72,44.24,0.0
8.1,1.26,10.79,44.78,0.0
8.15,1.26,10.85,45.33,0.0
8.2,1.26,10.91,45.87,0.0
8.25,1.26,10.98,46.42,0.0
8.3,1.25,11.04,46.97,0.0
8.35,1.25,11.1,47.53,0.0
8.4,1.25,11.16,48.09,0.0
8.45,1.25,11.23,48.65,0.0
8.5,1.25,11.29,49.21,0.0
8.55,1.25,11.35,49.78,0.0
8.6,1.25,11.41,50.35,0.0
8.65,1.25,11.48,50.92,0.0
8.7,1.24,11.54,51.5,0.0
8.75,1.24,11.6,52.08,0.0
8.8,1.24,11.66,52.66,0.0
8.85,1.24,11.72,53.25,0.0
8.9,1.24,11.79,53.84,0.0
8.95,1.24,11.85,54.43,0.0
9.0,1.24,11.91,55.03,0.0
9.05,1.24,11.97,55.63,0.0
9.1,1.23,12.03,56.23,0.0
9.15,1.23,12.1,56.83,0.0
9.2,1.23,12.16,57.44,0.0
9.25,1.23,12.22,58.05,0.0
9.3,1.23,12.28,58.66,0.0
9.35,1.23,12.34,59.28,0.0
9.4,1.23,12.4,59.9,0.0
9.45,1.23,12.46,60.53,0.0
9.5,1.22,12.53,61.15,0.0
9.55,1.22,12.59,61.78,0.0
9.6,1.22,12.65,62.41,0.0
9.65,1.22,12.71,63.05,0.0
9.7,1.22,12.77,63.69,0.0
9.75,1.22,12.83,64.33,0.0
9.8,1.22,12.89,64.97,0.0
9.85,1.21,12.95,65.62,0.0
9.9,1.21,13.01,66.27,0.0
9.95,1.21,13.07,66.92,0.0
10.0,1.21,13.13,67.58,0.0
10.05,1.21,13.19,68.24,0.0
10.1,1.21,13.25,68.9,0.0
10.15,1.21,13.31,69.57,0.0
10.2,1.21,13.37,70.24,0.0
10.25,1.2,13.44,70.91,0.0
10.3,1.2,13.5,71.58,0.0
10.35,1.2,13.56,72.26,0.0
10.4,1.2,13.62,72.94,0.0
10.45,1.2,13.68,73.63,0.0
10.5,1.2,13.73,74.31,0.0
10.55,1.2,13.79,75.0,0.0
10.6,1.19,13.85,75.7,0.0
10.65,1.19,13.91,76.39,0.0
10.7,1.19,13.97,77.09,0.0
10.75,1.19,14.03,77.79,0.0
10.8,1.19,14.09,78.5,0.0
10.85,1.19,14.15,79.2,0.0
10.9,1.19,14.21,79.92,0.0
10.95,1.18,14.27,80.63,0.0
11.0,1.18,14.33,81.35,0.0
11.05,1.18,14.39,82.06,0.0
11.1,1.18,14.45,82.79,0.0
11.15,1.18,14.51,83.51,0.0
11.2,1.18,14.57,84.24,0.0
11.25,1.18,14.62,84.97,0.0
11.3,1.17,14.68,85.71,0.0
11.35,1.17,14.74,86.44,0.0
11.4,1.17,14.8,87.18,0.0
11.45,1.17,14.86,87.93,0.0
11.5,1.17,14.92,88.67,0.0
11.55,1.17,14.98,89.42,0.0
11.6,1.16,15.03,90.17,0.0
11.65,1.16,15.09,90.93,0.0
11.7,1.16,15.15,91.68,0.0
11.75,1.16,15.21,92.44,0.0
11.8,1.16,15.27,93.21,0.0
11.85,1.16,15.32,93.97,0.0
11.9,1.16,15.38,94.74,0.0
11.95,1.15,15.44,95.51,0.0
12.0,1.15,15.5,96.29,0.0
12.05,1.15,15.55,97.07,0.0
12.1,1.15,15.61,97.85,0.0
12.15,1.15,15.67,98.63,0.0
12.2,1.15,15.73,99.42,0.0
12.25,1.15,15.78,100.21,0.0
12.3,1.14,15.84,101.0,0.0
12.35,1.14,15.9,101.79,0.0
12.4,1.14,15.96,102.59,0.0
12.45,1.14,16.01,103.39,0.0
12.5,1.14,16.07,104.2,0.0
12.55,1.14,16.13,105.0,0.0
12.6,1.13,16.18,105.81,0.0
12.65,1.13,16.24,106.62,0.0
12.7,1.13,16.3,107.44,0.0
12.75,1.13,16.35,108.26,0.0
12.8,1.13,16.41,109.08,0.0
12.85,1.13,16.46,109.9,0.0
12.9,1.12,16.52,110.73,0.0
12.95,1.12,16.58,111.55,0.0
13.0,1.12,16.63,112.39,0.0
13.05,1.12,16.69,113.22,0.0
13.1,1.12,16.75,114.06,0.0
13.15,1.12,16.8,114.9,0.0
13.2,1.12,16.86,115.74,0.0
13.25,1.11,16.91,116.59,0.0
13.3,1.11,16.97,117.43,0.0
13.35,1.11,17.02,118.29,0.0
13.4,1.11,17.08,119.14,0.0
13.45,1.11,17.13,120.0,0.0
13.5,1.11,17.19,120.86,0.0
13.55,1.1,17.24,121.72,0.0
13.6,1.1,17.3,122.58,0.0
13.65,1.1,17.35,123.45,0.0
13.7,1.1,17.41,124.32,0.0
13.75,1.1,17.46,125.19,0.0
13.8,1.1,17.52,126.07,0.0
13.85,1.09,17.57,126.95,0.0
13.9,1.09,17.63,127.83,0.0
13.95,1.09,17.68,128.71,0.0
14.0,1.09,17.74,129.6,0.0
14.05,1.09,17.79,130.49,0.0
14.1,1.09,17.85,131.38,0.0
14.15,1.08,17.9,132.28,0.0
14.2,1.08,17.95,133.18,0.0
14.25,1.08,18.01,134.08,0.0
14.3,1.08,18.06,134.98,0.0
14.35,1.08,18.12,135.89,0.0
14.4,1.08,18.17,136.79,0.0
14.45,1.07,18.22,137.71,0.0
14.5,1.07,18.28,138.62,0.0
14.55,1.07,18.33,139.54,0.0
14.6,1.07,18.38,140.46,0.0
14.65,1.07,18.44,141.38,0.0
14.7,1.07,18.49,142.3,0.0
14.75,1.06,18.54,143.23,0.0
14.8,1.06,18.6,144.16,0.0
14.85,1.06,18.65,145.09,0.0
14.9,1.06,18.7,146.03,0.0
14.95,1.06,18.76,146.96,0.0
15.0,1.06,18.81,147.9,0.0
15.05,1.05,18.86,148.85,0.0
15.1,1.05,18.91,149.79,0.0
15.15,1.05,18.97,150.74,0.0
15.2,1.05,19.02,151.69,0.0
15.25,1.05,19.07,152.65,0.0
15.3,1.05,19.12,153.6,0.0
15.35,1.04,19.18,154.56,0.0
15.4,1.04,19.23,155.52,0.0
15.45,1.04,19.28,156.49,0.0
15.5,1.04,19.33,157.45,0.0
15.55,1.04,19.38,158.42,0.0
15.6,1.04,19.44,159.39,0.0
15.65,1.03,19.49,160.37,0.0
15.7,1.03,19.54,161.35,0.0
15.75,1.03,19.59,162.33,0.0
15.8,1.03,19.64,163.31,0.0
15.85,1.03,19.69,164.29,0.0
15.9,1.02,19.74,165.28,0.0
15.95,1.02,19.8,166.27,0.0
16.0,1.02,19.85,167.26,0.0
16.05,1.02,19.9,168.26,0.0
16.1,1.02,19.95,169.25,0.0
16.15,1.02,20.0,170.25,0.0
16.2,1.01,20.05,171.26,0.0
16.25,1.01,20.1,172.26,0.0
16.3,1.01,20.15,173.27,0.0
16.35,1.01,20.2,174.28,0.0
16.4,1.01,20.25,175.29,0.0
16.45,1.01,20.3,176.31,0.0
16.5,1.0,20.35,177.32,0.0
16.55,1.0,20.4,178.34,0.0
16.6,1.0,20.45,179.37,0.0
16.65,1.0,20.5,180.39,0.0
16.7,1.0,20.55,181.42,0.0
16.75,1.0,20.6,182.45,0.0
16.8,0.99,20.65,183.48,0.0
16.85,0.99,20.7,184.52,0.0
16.9,0.99,20.75,185.56,0.0
16.95,0.99,20.8,186.6,0.0
17.0,0.99,20.85,187.64,0.0
17.05,0.98,20.9,188.68,0.0
17.1,0.98,20.95,189.73,0.0
17.15,0.98,21.0,190.78,0.0
17.2,0.98,21.05,191.83,0.0
17.25,0.98,21.1,192.89,0.0
17.3,0.98,21.14,193.94,0.0
17.35,0.97,21.19,195.0,0.0
17.4,0.97,21.24,196.07,0.0
17.45,0.97,21.29,197.13,0.0
17.5,0.97,21.34,198.2,0.0
17.55,0.97,21.39,199.27,0.0
17.6,0.97,21.43,200.34,0.0
17.65,0.96,21.48,201.41,0.0
17.7,0.96,21.53,202.49,0.0
17.75,0.96,21.58,203.57,0.0
17.8,0.96,21.63,204.65,0.0
17.85,0.96,21.67,205.73,0.0
17.9,0.95,21.72,206.82,0.0
17.95,0.95,21.77,207.91,0.0
18.0,0.95,21.82,209.0,0.0
18.05,0.95,21.87,210.09,0.0
18.1,0.95,21.91,211.19,0.0
18.15,0.95,21.96,212.29,0.0
18.2,0.94,22.01,213.39,0.0
18.25,0.94,22.05,214.49,0.0
18.3,0.94,22.1,215.59,0.0
18.35,0.94,22.15,216.7,0.0
18.4,0.94,22.19,217.81,0.0
18.45,0.93,22.24,218.92,0.0
18.5,0.93,22.29,220.04,0.0
18.55,0.93,22.33,221.15,0.0
18.6,0.93,22.38,222.27,0.0
18.65,0.93,22.43,223.39,0.0
18.7,0.93,22.47,224.52,0.0
18.75,0.92,22.52,225.64,0.0
18.8,0.92,22.57,226.77,0.0
18.85,0.92,22.61,227.9,0.0
18.9,0.92,22.66,229.04,0.0
18.95,0.92,22.7,230.17,0.0
19.0,0.92,22.75,231.31,0.0
19.05,0.91,22.8,232.45,0.0
19.1,0.91,22.84,233.59,0.0
19.15,0.91,22.89,234.74,0.0
19.2,0.91,22.93,235.88,0.0
19.25,0.91,22.98,237.03,0.0
19.3,0.9,23.02,238.18,0.0
19.35,0.9,23.07,239.34,0.0
19.4,0.9,23.11,240.49,0.0
19.45,0.9,23.16,241.65,0.0
19.5,0.9,23.2,242.81,0.0
19.55,0.9,23.25,243.97,0.0
19.6,0.89,23.29,245.14,0.0
19.65,0.89,23.34,246.3,0.0
19.7,0.89,23.38,247.47,0.0
19.75,0.89,23.43,248.64,0.0
19.8,0.89,23.47,249.82,0.0
19.85,0.88,23.51,250.99,0.0
19.9,0.88,23.56,252.17,0.0
19.95,0.88,23.6,253.35,0.0
20.0,0.88,23.65,254.53,0.0
20.05,0.88,23.69,255.72,0.0
20.1,0.88,23.73,256.9,0.0
20.15,0.87,23.78,258.09,0.0
20.2,0.87,23.82,259.28,0.0
20.25,0.87,23.86,260.48,0.0
20.3,0.87,23.91,261.67,0.0
20.35,0.87,23.95,262.87,0.0
20.4,0.87,23.99,264.07,0.0
20.45,0.86,24.04,265.27,0.0
20.5,0.86,24.08,266.48,0.0
20.55,0.86,24.12,267.68,0.0
20.6,0.86,24.17,268.89,0.0
20.65,0.86,24.21,270.1,0.0
20.7,0.85,24.25,271.31,0.0
20.75,0.85,24.3,272.53,0.0
20.8,0.85,24.34,273.75,0.0
20.85,0.85,24.38,274.96,0.0
20.9,0.85,24.42,276.19,0.0
20.95,0.85,24.46,277.41,0.0
21.0,0.84,24.51,278.63,0.0
21.05,0.84,24.55,279.86,0.0
21.1,0.84,24.59,281.09,0.0
21.15,0.84,24.63,282.32,0.0
21.2,0.84,24.68,283.56,0.0
21.25,0.84,24.72,284.79,0.0
21.3,0.83,24.76,286.03,0.0
21.35,0.83,24.8,287.27,0.0
21.4,0.83,24.84,288.51,0.0
21.45,0.83,24.88,289.76,0.0
21.5,0.83,24.92,291.0,0.0
21.55,0.82,24.97,292.25,0.0
21.6,0.82,25.01,293.5,0.0
21.65,0.82,25.05,294.75,0.0
21.7,0.82,25.09,296.01,0.0
21.75,0.82,25.13,297.26,0.0
21.8,0.82,25.17,298.52,0.0
21.85,0.81,25.21,299.78,0.0
21.9,0.81,25.25,301.05,0.0
21.95,0.81,25.29,302.31,0.0
22.0,0.81,25.33,303.58,0.0
22.05,0.81,25.37,304.85,0.0
22.1,0.81,25.41,306.12,0.0
22.15,0.8,25.45,307.39,0.0
22.2,0.8,25.49,308.66,0.0
22.25,0.8,25.53,309.94,0.0
22.3,0.8,25.57,311.22,0.0
22.35,0.8,25.61,312.5,0.0
22.4,0.79,25.65,313.78,0.0
22.45,0.79,25.69,315.07,0.0
22.5,0.79,25.73,316.35,0.0
22.55,0.79,25.77,317.64,0.0
22.6,0.79,25.81,318.93,0.0
22.65,0.79,25.85,320.23,0.0
22.7,0.78,25.89,321.52,0.0
22.75,0.78,25.93,322.82,0.0
22.8,0.78,25.97,324.11,0.0
22.85,0.78,26.01,325.42,0.0
22.9,0.78,26.05,326.72,0.0
22.95,0.78,26.08,328.02,0.0
23.0,0.77,26.12,329.33,0.0
23.05,0.77,26.16,330.64,0.0
23.1,0.77,26.2,331.95,0.0
23.15,0.77,26.24,333.26,0.0
23.2,0.77,26.28,334.57,0.0
23.25,0.77,26.32,335.89,0.0
23.3,0.76,26.35,337.2,0.0
23.35,0.76,26.39,338.52,0.0
23.4,0.76,26.43,339.85,0.0
23.45,0.76,26.47,341.17,0.0
23.5,0.76,26.51,342.49,0.0
23.55,0.75,26.54,343.82,0.0
23.6,0.75,26.58,345.15,0.0
23.65,0.75,26.62,346.48,0.0
23.7,0.75,26.66,347.81,0.0
23.75,0.75,26.69,349.15,0.0
23.8,0.75,26.73,350.49,0.0
23.85,0.74,26.77,351.82,0.0
23.9,0.74,26.8,353.16,0.0
23.95,0.74,26.84,354.51,0.0
24.0,0.74,26.88,355.85,0.0
24.05,0.74,26.92,357.2,0.0
24.1,0.74,26.95,358.54,0.0
24.15,0.73,26.99,359.89,0.0
24.2,0.73,27.03,361.24,0.0
24.25,0.73,27.06,362.6,0.0
24.3,0.73,27.1,363.95,0.0
24.35,0.73,27.14,365.31,0.0
24.4,0.73,27.17,366.67,0.0
24.45,0.72,27.21,368.03,0.0
24.5,0.72,27.24,369.39,0.0
24.55,0.72,27.28,370.75,0.0
24.6,0.72,27.32,372.12,0.0
24.65,0.72,27.35,373.49,0.0
24.7,0.72,27.39,374.86,0.0
24.75,0.71,27.42,376.23,0.0
24.8,0.71,27.46,377.6,0.0
24.85,0.71,27.49,378.98,0.0
24.9,0.71,27.53,380.35,0.0
24.95,0.71,27.57,381.73,0.0
25.0,0.71,27.6,383.11,0.0
25.05,0.7,27.64,384.49,0.0
25.1,0.7,27.67,385.88,0.0
25.15,0.7,27.71,387.26,0.0
25.2,0.7,27.74,388.65,0.0
25.25,0.7,27.78,390.04,0.0
25.3,0.7,27.81,391.43,0.0
25.35,0.69,27.85,392.82,0.0
25.4,0.69,27.88,394.21,0.0
25.45,0.69,27.91,395.61,0.0
25.5,0.69,27.95,397.01,0.0
25.55,0.69,27.98,398.41,0.0
25.6,0.69,28.02,399.81,0.0
25.65,0.68,28.05,401.21,0.0
25.7,0.68,28.09,402.61,0.0
25.75,0.68,28.12,404.02,0.0
25.8,0.68,28.15,405.43,0.0
25.85,0.68,28.19,406.84,0.0
25.9,0.68,28.22,408.25,0.0
25.95,0.67,28.26,409.66,0.0
26.0,0.67,28.29,411.08,0.0
26.05,0.67,28.32,412.49,0.0
26.1,0.67,28.36,413.91,0.0
26.15,0.67,28.39,415.33,0.0
26.2,0.67,28.42,416.75,0.0
26.25,0.66,28.46,418.17,0.0
26.3,0.66,28.49,419.6,0.0
26.35,0.66,28.52,421.02,0.0
26.4,0.66,28.55,422.45,0.0
26.45,0.66,28.59,423.88,0.0
26.5,0.66,28.62,425.31,0.0
26.55,0.65,28.65,426.74,0.0
26.6,0.65,28.69,428.18,0.0
26.65,0.65,28.72,429.61,0.0
26.7,0.65,28.75,431.05,0.0
26.75,0.65,28.78,432.49,0.0
26.8,0.65,28.82,433.93,0.0
26.85,0.65,28.85,435.37,0.0
26.9,0.64,28.88,436.82,0.0
26.95,0.64,28.91,438.26,0.0
27.0,0.64,28.94,439.71,0.0
27.05,0.64,28.98,441.16,0.0
27.1,0.64,29.01,442.61,0.0
27.15,0.64,29.04,444.06,0.0
27.2,0.63,29.07,445.52,0.0
27.25,0.63,29.1,446.97,0.0
27.3,0.63,29.13,448.43,0.0
27.35,0.63,29.17,449.89,0.0
27.4,0.63,29.2,451.35,0.0
27.45,0.63,29.23,452.81,0.0
27.5,0.62,29.26,454.27,0.0
27.55,0.62,29.29,455.73,0.0
27.6,0.62,29.32,457.2,0.0
27.65,0.62,29.35,458.67,0.0
27.7,0.62,29.38,460.14,0.0
27.75,0.62,29.42,461.61,0.0
27.8,0.62,29.45,463.08,0.0
27.85,0.61,29.48,464.55,0.0
27.9,0.61,29.51,466.03,0.0
27.95,0.61,29.54,467.51,0.0
28.0,0.61,29.57,468.99,0.0
28.05,0.61,29.6,470.47,0.0
28.1,0.61,29.63,471.95,0.0
28.15,0.6,29.66,473.43,0.0
28.2,0.6,29.69,474.91,0.0
28.25,0.6,29.72,476.4,0.0
28.3,0.6,29.75,477.89,0.0
28.35,0.6,29.78,479.38,0.0
28.4,0.6,29.81,480.87,0.0
28.45,0.6,29.84,482.36,0.0
28.5,0.59,29.87,483.85,0.0
28.55,0.59,29.9,485.35,0.0
28.6,0.59,29.93,486.84,0.0
28.65,0.59,29.96,488.34,0.0
28.7,0.59,29.99,489.84,0.0
28.75,0.59,30.02,491.34,0.0
28.8,0.58,30.05,492.84,0.0
28.85,0.58,30.07,494.35,0.0
28.9,0.58,30.1,495.85,0.0
28.95,0.58,30.13,497.36,0.0
29.0,0.58,30.16,498.87,0.0
29.05,0.58,30.19,500.38,0.0
29.1,0.58,30.22,501.89,0.0
29.15,0.57,30.25,503.4,0.0
29.2,0.57,30.28,504.91,0.0
29.25,0.57,30.3,506.43,0.0
29.3,0.57,30.33,507.95,0.0
29.35,0.57,30.36,509.46,0.0
29.4,0.57,30.39,510.98,0.0
29.45,0.57,30.42,512.5,0.0
29.5,0.56,30.45,514.03,0.0
29.55,0.56,30.47,515.55,0.0
29.6,0.56,30.5,517.08,0.0
29.65,0.56,30.53,518.6,0.0
29.7,0.56,30.56,520.13,0.0
29.75,0.56,30.59,521.66,0.0
29.8,0.56,30.61,523.19,0.0
29.85,0.55,30.64,524.72,0.0
29.9,0.55,30.67,526.26,0.0
29.95,0.55,30.7,527.79,0.0
30.0,0.55,30.72,529.33,0.0
30.05,0.55,30.75,530.86,0.0
30.1,0.55,30.78,532.4,0.0
30.15,0.54,30.81,533.94,0.0
30.2,0.54,30.83,535.49,0.0
30.25,0.54,30.86,537.03,0.0
30.3,0.54,30.89,538.57,0.0
30.35,0.54,30.91,540.12,0.0
30.4,0.54,30.94,541.67,0.0
30.45,0.54,30.97,543.21,0.0
30.5,0.53,31.0,544.76,0.0
30.55,0.53,31.02,546.31,0.0
30.6,0.53,31.05,547.87,0.0
30.65,0.53,31.07,549.42,0.0
30.7,0.53,31.1,550.98,0.0
30.75,0.53,31.13,552.53,0.0
30.8,0.53,31.15,554.09,0.0
30.85,0.52,31.18,555.65,0.0
30.9,0.52,31.21,557.21,0.0
30.95,0.52,31.23,558.77,0.0
31.0,0.52,31.26,560.33,0.0
31.05,0.52,31.28,561.9,0.0
31.1,0.52,31.31,563.46,0.0
31.15,0.52,31.34,565.03,0.0
31.2,0.52,31.36,566.6,0.0
31.25,0.51,31.39,568.17,0.0
31.3,0.51,31.41,569.74,0.0
31.35,0.51,31.44,571.31,0.0
31.4,0.51,31.46,572.88,0.0
31.45,0.51,31.49,574.46,0.0
31.5,0.51,31.52,576.03,0.0
31.55,0.51,31.54,577.61,0.0
31.6,0.5,31.57,579.19,0.0
31.65,0.5,31.59,580.77,0.0
31.7,0.5,31.62,582.35,0.0
31.75,0.5,31.64,583.93,0.0
31.8,0.5,31.67,585.52,0.0
31.85,0.5,31.69,587.1,0.0
31.9,0.5,31.72,588.69,0.0
31.95,0.49,31.74,590.27,0.0
32.0,0.49,31.76,591.86,0.0
32.05,0.49,31.79,593.45,0.0
32.1,0.49,31.81,595.04,0.0
32.15,0.49,31.84,596.63,0.0
32.2,0.49,31.86,598.23,0.0
32.25,0.49,31.89,599.82,0.0
32.3,0.49,31.91,601.42,0.0
32.35,0.48,31.94,603.01,0.0
32.4,0.48,31.96,604.61,0.0
32.45,0.48,31.98,606.21,0.0
32.5,0.48,32.01,607.81,0.0
32.55,0.48,32.03,609.41,0.0
32.6,0.48,32.06,611.01,0.0
32.65,0.48,32.08,612.62,0.0
32.7,0.47,32.1,614.22,0.0
32.75,0.47,32.13,615.83,0.0
32.8,0.47,32.15,617.44,0.0
32.85,0.47,32.17,619.05,0.0
32.9,0.47,32.2,620.66,0.0
32.95,0.47,32.22,622.27,0.0
33.0,0.47,32.24,623.88,0.0
33.05,0.47,32.27,625.49,0.0
33.1,0.46,32.29,627.11,0.0
33.15,0.46,32.31,628.72,0.0
33.2,0.46,32.34,630.34,0.0
33.25,0.46,32.36,631.96,0.0
33.3,0.46,32.38,633.58,0.0
33.35,0.46,32.41,635.2,0.0
33.4,0.46,32.43,636.82,0.0
33.45,0.46,32.45,638.44,0.0
33.5,0.45,32.47,640.07,0.0
33.55,0.45,32.5,641.69,0.0
33.6,0.45,32.52,643.32,0.0
33.65,0.45,32.54,644.94,0.0
33.7,0.45,32.56,646.57,0.0
33.75,0.45,32.59,648.2,0.0
33.8,0.45,32.61,649.83,0.0
33.85,0.45,32.63,651.46,0.0
33.9,0.44,32.65,653.1,0.0
33.95,0.44,32.68,654.73,0.0
34.0,0.44,32.7,656.36,0.0
34.05,0.44,32.72,658.0,0.0
34.1,0.44,32.74,659.64,0.0
34.15,0.44,32.76,661.28,0.0
34.2,0.44,32.79,662.91,0.0
34.25,0.44,32.81,664.56,0.0
34.3,0.43,32.83,666.2,0.0
34.35,0.43,32.85,667.84,0.0
34.4,0.43,32.87,669.48,0.0
34.45,0.43,32.89,671.13,0.0
34.5,0.43,32.92,672.77,0.0
34.55,0.43,32.94,674.42,0.0
34.6,0.43,32.96,676.07,0.0
34.65,0.43,32.98,677.72,0.0
34.7,0.42,33.0,679.37,0.0
34.75,0.42,33.02,681.02,0.0
34.8,0.42,33.04,682.67,0.0
34.85,0.42,33.06,684.32,0.0
34.9,0.42,33.09,685.98,0.0
34.95,0.42,33.11,687.63,0.0
35.0,0.42,33.13,689.29,0.0
35.05,0.42,33.15,690.95,0.0
35.1,0.42,33.17,692.61,0.0
35.15,0.41,33.19,694.26,0.0
35.2,0.41,33.21,695.93,0.0
35.25,0.41,33.23,697.59,0.0
35.3,0.41,33.25,699.25,0.0
35.35,0.41,33.27,700.91,0.0
35.4,0.41,33.29,702.58,0.0
35.45,0.41,33.31,704.24,0.0
35.5,0.41,33.33,705.91,0.0
35.55,0.4,33.35,707.58,0.0
35.6,0.4,33.37,709.25,0.0
35.65,0.4,33.39,710.92,0.0
35.7,0.4,33.41,712.59,0.0
35.75,0.4,33.43,714.26,0.0
35.8,0.4,33.45,715.93,0.0
35.85,0.4,33.47,717.6,0.0
35.9,0.4,33.49,719.28,0.0
35.95,0.4,33.51,720.95,0.0
36.0,0.39,33.53,722.63,0.0
36.05,0.39,33.55,724.31,0.0
36.1,0.39,33.57,725.99,0.0
36.15,0.39,33.59,727.67,0.0
36.2,0.39,33.61,729.35,0.0
36.25,0.39,33.63,731.03,0.0
36.3,0.39,33.65,732.71,0.0
36.35,0.39,33.67,734.39,0.0
36.4,0.39,33.69,736.08,0.0
36.45,0.38,33.71,737.76,0.0
36.5,0.38,33.73,739.45,0.0
36.55,0.38,33.75,741.14,0.0
36.6,0.38,33.76,742.83,0.0
36.65,0.38,33.78,744.52,0.0
36.7,0.38,33.8,746.21,0.0
36.75,0.38,33.82,747.9,0.0
36.8,0.38,33.84,749.59,0.0
36.85,0.38,33.86,751.28,0.0
36.9,0.37,33.88,752.98,0.0
36.95,0.37,33.9,754.67,0.0
37.0,0.37,33.91,756.37,0.0
37.05,0.37,33.93,758.06,0.0
37.1,0.37,33.95,759.76,0.0
37.15,0.37,33.97,761.46,0.0
37.2,0.37,33.99,763.16,0.0
37.25,0.37,34.01,764.86,0.0
37.3,0.37,34.03,766.56,0.0
37.35,0.36,34.04,768.26,0.0
37.4,0.36,34.06,769.96,0.0
37.45,0.36,34.08,771.67,0.0
37.5,0.36,34.1,773.37,0.0
37.55,0.36,34.12,775.08,0.0
37.6,0.36,34.13,776.79,0.0
37.65,0.36,34.15,778.49,0.0
37.7,0.36,34.17,780.2,0.0
37.75,0.36,34.19,781.91,0.0
37.8,0.36,34.2,783.62,0.0
37.85,0.35,34.22,785.33,0.0
37.9,0.35,34.24,787.04,0.0
37.95,0.35,34.26,788.76,0.0
38.0,0.35,34.28,790.47,0.0
38.05,0.35,34.29,792.19,0.0
38.1,0.35,34.31,793.9,0.0
38.15,0.35,34.33,795.62,0.0
38.2,0.35,34.35,797.34,0.0
38.25,0.35,34.36,799.05,0.0
38.3,0.34,34.38,800.77,0.0
38.35,0.34,34.4,802.49,0.0
38.4,0.34,34.41,804.21,0.0
38.45,0.34,34.43,805.93,0.0
38.5,0.34,34.45,807.66,0.0
38.55,0.34,34.47,809.38,0.0
38.6,0.34,34.48,811.1,0.0
38.65,0.34,34.5,812.83,0.0
38.7,0.34,34.52,814.55,0.0
38.75,0.34,34.53,816.28,0.0
38.8,0.33,34.55,818.01,0.0
38.85,0.33,34.57,819.74,0.0
38.9,0.33,34.58,821.47,0.0
38.95,0.33,34.6,823.2,0.0
39.0,0.33,34.62,824.93,0.0
39.05,0.33,34.63,826.66,0.0
39.1,0.33,34.65,828.39,0.0
39.15,0.33,34.66,830.12,0.0
39.2,0.33,34.68,831.86,0.0
39.25,0.33,34.7,833.59,0.0
39.3,0.32,34.71,835.33,0.0
39.35,0.32,34.73,837.07,0.0
39.4,0.32,34.75,838.8,0.0
39.45,0.32,34.76,840.54,0.0
39.5,0.32,34.78,842.28,0.0
39.55,0.32,34.79,844.02,0.0
39.6,0.32,34.81,845.76,0.0
39.65,0.32,34.83,847.5,0.0
39.7,0.32,34.84,849.24,0.0
39.75,0.32,34.86,850.99,0.0
39.8,0.32,34.87,852.73,0.0
39.85,0.31,34.89,854.47,0.0
39.9,0.31,34.91,856.22,0.0
39.95,0.31,34.92,857.97,0.0
40.0,0.31,34.94,859.71,0.0
40.05,0.31,34.95,861.46,0.0
40.1,0.31,34.97,863.21,0.0
40.15,0.31,34.98,864.96,0.0
40.2,0.31,35.0,866.71,0.0
40.25,0.31,35.01,868.46,0.0
40.3,0.31,35.03,870.21,0.0
40.35,0.31,35.04,871.96,0.0
40.4,0.3,35.06,873.71,0.0
40.45,0.3,35.07,875.47,0.0
40.5,0.3,35.09,877.22,0.0
40.55,0.3,35.1,878.98,0.0
40.6,0.3,35.12,880.73,0.0
40.65,0.3,35.13,882.49,0.0
40.7,0.3,35.15,884.25,0.0
40.75,0.3,35.16,886.01,0.0
40.8,0.3,35.18,887.77,0.0
40.85,0.3,35.19,889.53,0.0
40.9,0.3,35.21,891.29,0.0
40.95,0.29,35.22,893.05,0.0
41.0,0.29,35.24,894.81,0.0
41.05,0.29,35.25,896.57,0.0
41.1,0.29,35.27,898.33,0.0
41.15,0.29,35.28,900.1,0.0
41.2,0.29,35.3,901.86,0.0
41.25,0.29,35.31,903.63,0.0
41.3,0.29,35.33,905.4,0.0
41.35,0.29,35.34,907.16,0.0
41.4,0.29,35.35,908.93,0.0
41.45,0.29,35.37,910.7,0.0
41.5,0.28,35.38,912.47,0.0
41.55,0.28,35.4,914.24,0.0
41.6,0.28,35.41,916.01,0.0
41.65,0.28,35.42,917.78,0.0
41.7,0.28,35.44,919.55,0.0
41.75,0.28,35.45,921.32,0.0
41.8,0.28,35.47,923.1,0.0
41.85,0.28,35.48,924.87,0.0
41.9,0.28,35.49,926.65,0.0
41.95,0.28,35.51,928.42,0.0
42.0,0.28,35.52,930.2,0.0
42.05,0.28,35.54,931.97,0.0
42.1,0.27,35.55,933.75,0.0
42.15,0.27,35.56,935.53,0.0
42.2,0.27,35.58,937.31,0.0
42.25,0.27,35.59,939.09,0.0
42.3,0.27,35.6,940.87,0.0
42.35,0.27,35.62,942.65,0.0
42.4,0.27,35.63,944.43,0.0
42.45,0.27,35.64,946.21,0.0
42.5,0.27,35.66,948.0,0.0
42.55,0.27,35.67,949.78,0.0
42.6,0.27,35.68,951.56,0.0
42.65,0.27,35.7,953.35,0.0
42.7,0.26,35.71,955.13,0.0
42.75,0.26,35.72,956.92,0.0
42.8,0.26,35.74,958.71,0.0
42.85,0.26,35.75,960.5,0.0
42.9,0.26,35.76,962.28,0.0
42.95,0.26,35.78,964.07,0.0
43.0,0.26,35.79,965.86,0.0
43.05,0.26,35.8,967.65,0.0
43.1,0.26,35.82,969.44,0.0
43.15,0.26,35.83,971.23,0.0
43.2,0.26,35.84,973.03,0.0
43.25,0.26,35.85,974.82,0.0
43.3,0.25,35.87,976.61,0.0
43.35,0.25,35.88,978.41,0.0
43.4,0.25,35.89,980.2,0.0
43.45,0.25,35.9,982.0,0.0
43.5,0.25,35.92,983.79,0.0
43.55,0.25,35.93,985.59,0.0
43.6,0.25,35.94,987.39,0.0
43.65,0.25,35.95,989.18,0.0
43.7,0.25,35.97,990.98,0.0
43.75,0.25,35.98,992.78,0.0
43.8,0.25,35.99,994.58,0.0
43.85,0.25,36.0,996.38,0.0
43.9,0.25,36.02,998.18,0.0
43.95,0.24,36.03,999.98,0.0
44.0,0.24,36.04,1001.78,0.0
44.05,0.24,36.05,1003.59,0.0
44.1,0.24,36.07,1005.39,0.0
44.15,0.24,36.08,1007.19,0.0
44.2,0.24,36.09,1009.0,0.0
44.25,0.24,36.1,1010.8,0.0
44.3,0.24,36.11,1012.61,0.0
44.35,0.24,36.13,1014.42,0.0
44.4,0.24,36.14,1016.22,0.0
44.45,0.24,36.15,1018.03,0.0
44.5,0.24,36.16,1019.84,0.0
44.55,0.24,36.17,1021.65,0.0
44.6,0.24,36.18,1023.46,0.0
44.65,0.23,36.2,1025.27,0.0
44.7,0.23,36.21,1027.08,0.0
44.75,0.23,36.22,1028.89,0.0
44.8,0.23,36.23,1030.7,0.0
44.85,0.23,36.24,1032.51,0.0
44.9,0.23,36.25,1034.32,0.0
44.95,0.23,36.27,1036.14,0.0
45.0,0.23,36.28,1037.95,0.0
45.05,0.23,36.29,1039.77,0.0
45.1,0.23,36.3,1041.58,0.0
45.15,0.23,36.31,1043.4,0.0
45.2,0.23,36.32,1045.21,0.0
45.25,0.23,36.33,1047.03,0.0
45.3,0.23,36.35,1048.85,0.0
45.35,0.22,36.36,1050.66,0.0
45.4,0.22,36.37,1052.48,0.0
45.45,0.22,36.38,1054.3,0.0
45.5,0.22,36.39,1056.12,0.0
45.55,0.22,36.4,1057.94,0.0
45.6,0.22,36.41,1059.76,0.0
45.65,0.22,36.42,1061.58,0.0
45.7,0.22,36.43,1063.4,0.0
45.75,0.22,36.45,1065.23,0.0
45.8,0.22,36.46,1067.05,0.0
45.85,0.22,36.47,1068.87,0.0
45.9,0.22,36.48,1070.7,0.0
45.95,0.22,36.49,1072.52,0.0
46.0,0.22,36.5,1074.35,0.0
46.05,0.21,36.51,1076.17,0.0
46.1,0.21,36.52,1078.0,0.0
46.15,0.21,36.53,1079.82,0.0
46.2,0.21,36.54,1081.65,0.0
46.25,0.21,36.55,1083.48,0.0
46.3,0.21,36.56,1085.31,0.0
46.35,0.21,36.57,1087.14,0.0
46.4,0.21,36.58,1088.97,0.0
46.45,0.21,36.6,1090.8,0.0
46.5,0.21,36.61,1092.63,0.0
46.55,0.21,36.62,1094.46,0.0
46.6,0.21,36.63,1096.29,0.0
46.65,0.21,36.64,1098.12,0.0
46.7,0.21,36.65,1099.95,0.0
46.75,0.21,36.66,1101.78,0.0
46.8,0.2,36.67,1103.62,0.0
46.85,0.2,36.68,1105.45,0.0
46.9,0.2,36.69,1107.29,0.0
46.95,0.2,36.7,1109.12,0.0
47.0,0.2,36.71,1110.96,0.0
47.05,0.2,36.72,1112.79,0.0
47.1,0.2,36.73,1114.63,0.0
47.15,0.2,36.74,1116.47,0.0
47.2,0.2,36.75,1118.3,0.0
47.25,0.2,36.76,1120.14,0.0
47.3,0.2,36.77,1121.98,0.0
47.35,0.2,36.78,1123.82,0.0
47.4,0.2,36.79,1125.66,0.0
47.45,0.2,36.8,1127.5,0.0
47.5,0.2,36.81,1129.34,0.0
47.55,0.2,36.82,1131.18,0.0
47.6,0.19,36.83,1133.02,0.0
47.65,0.19,36.84,1134.86,0.0
47.7,0.19,36.85,1136.7,0.0
47.75,0.19,36.86,1138.55,0.0
47.8,0.19,36.87,1140.39,0.0
47.85,0.19,36.88,1142.23,0.0
47.9,0.19,36.89,1144.08,0.0
47.95,0.19,36.89,1145.92,0.0
48.0,0.19,36.9,1147.77,0.0
48.05,0.19,36.91,1149.61,0.0
48.1,0.19,36.92,1151.46,0.0
48.15,0.19,36.93,1153.31,0.0
48.2,0.19,36.94,1155.15,0.0
48.25,0.19,36.95,1157.0,0.0
48.3,0.19,36.96,1158.85,0.0
48.35,0.19,36.97,1160.7,0.0
48.4,0.19,36.98,1162.55,0.0
48.45,0.18,36.99,1164.4,0.0
48.5,0.18,37.0,1166.25,0.0
48.55,0.18,37.01,1168.1,0.0
48.6,0.18,37.02,1169.95,0.0
48.65,0.18,37.02,1171.8,0.0
48.7,0.18,37.03,1173.65,0.0
48.75,0.18,37.04,1175.5,0.0
48.8,0.18,37.05,1177.36,0.0
48.85,0.18,37.06,1179.21,0.0
48.9,0.18,37.07,1181.06,0.0
48.95,0.18,37.08,1182.92,0.0
49.0,0.18,37.09,1184.77,0.0
49.05,0.18,37.1,1186.63,0.0
49.1,0.18,37.11,1188.48,0.0
49.15,0.18,37.11,1190.34,0.0
49.2,0.18,37.12,1192.19,0.0
49.25,0.18,37.13,1194.05,0.0
49.3,0.17,37.14,1195.91,0.0
49.35,0.17,37.15,1197.76,0.0
49.4,0.17,37.16,1199.62,0.0
49.45,0.17,37.17,1201.48,0.0
49.5,0.17,37.18,1203.34,0.0
49.55,0.17,37.18,1205.2,0.0
49.6,0.17,37.19,1207.06,0.0
49.65,0.17,37.2,1208.92,0.0
49.7,0.17,37.21,1210.78,0.0
49.75,0.17,37.22,1212.64,0.0
49.8,0.17,37.23,1214.5,0.0
49.85,0.17,37.24,1216.36,0.0
49.9,0.17,37.24,1218.22,0.0
49.95,0.17,37.25,1220.09,0.0
50.0,0.17,37.26,1221.95,0.0
50.05,0.17,37.27,1223.81,0.0
50.1,0.17,37.28,1225.68,0.0
50.15,0.17,37.29,1227.54,0.0
50.2,0.17,37.29,1229.41,0.0
50.25,0.16,37.3,1231.27,0.0
50.3,0.16,37.31,1233.14,0.0
50.35,0.16,37.32,1235.0,0.0
50.4,0.16,37.33,1236.87,0.0
50.45,0.16,37.33,1238.74,0.0
50.5,0.16,37.34,1240.6,0.0
50.55,0.16,37.35,1242.47,0.0
50.6,0.16,37.36,1244.34,0.0
50.65,0.16,37.37,1246.21,0.0
50.7,0.16,37.37,1248.08,0.0
50.75,0.16,37.38,1249.94,0.0
50.8,0.16,37.39,1251.81,0.0
50.85,0.16,37.4,1253.68,0.0
50.9,0.16,37.41,1255.55,0.0
50.95,0.16,37.41,1257.42,0.0
51.0,0.16,37.42,1259.3,0.0
51.05,0.16,37.43,1261.17,0.0
51.1,0.16,37.44,1263.04,0.0
51.15,0.16,37.45,1264.91,0.0
51.2,0.15,37.45,1266.78,0.0
51.25,0.15,37.46,1268.66,0.0
51.3,0.15,37.47,1270.53,0.0
51.35,0.15,37.48,1272.4,0.0
51.4,0.15,37.48,1274.28,0.0
51.45,0.15,37.49,1276.15,0.0
51.5,0.15,37.5,1278.03,0.0
51.55,0.15,37.51,1279.9,0.0
51.6,0.15,37.51,1281.78,0.0
51.65,0.15,37.52,1283.66,0.0
51.7,0.15,37.53,1285.53,0.0
51.75,0.15,37.54,1287.41,0.0
51.8,0.15,37.54,1289.29,0.0
51.85,0.15,37.55,1291.16,0.0
51.9,0.15,37.56,1293.04,0.0
51.95,0.15,37.57,1294.92,0.0
52.0,0.15,37.57,1296.8,0.0
52.05,0.15,37.58,1298.68,0.0
52.1,0.15,37.59,1300.56,0.0
52.15,0.15,37.6,1302.44,0.0
52.2,0.15,37.6,1304.32,0.0
52.25,0.14,37.61,1306.2,0.0
52.3,0.14,37.62,1308.08,0.0
52.35,0.14,37.62,1309.96,0.0
52.4,0.14,37.63,1311.84,0.0
52.45,0.14,37.64,1313.72,0.0
52.5,0.14,37.65,1315.61,0.0
52.55,0.14,37.65,1317.49,0.0
52.6,0.14,37.66,1319.37,0.0
52.65,0.14,37.67,1321.25,0.0
52.7,0.14,37.67,1323.14,0.0
52.75,0.14,37.68,1325.02,0.0
52.8,0.14,37.69,1326.91,0.0
52.85,0.14,37.7,1328.79,0.0
52.9,0.14,37.7,1330.68,0.0
52.95,0.14,37.71,1332.56,0.0
53.0,0.14,37.72,1334.45,0.0
53.05,0.14,37.72,1336.33,0.0
53.1,0.14,37.73,1338.22,0.0
53.15,0.14,37.74,1340.11,0.0
53.2,0.14,37.74,1341.99,0.0
53.25,0.14,37.75,1343.88,0.0
53.3,0.14,37.76,1345.77,0.0
53.35,0.13,37.76,1347.66,0.0
53.4,0.13,37.77,1349.55,0.0
53.45,0.13,37.78,1351.44,0.0
53.5,0.13,37.78,1353.32,0.0
53.55,0.13,37.79,1355.21,0.0
53.6,0.13,37.8,1357.1,0.0
53.65,0.13,37.8,1358.99,0.0
53.7,0.13,37.81,1360.88,0.0
53.75,0.13,37.82,1362.78,0.0
53.8,0.13,37.82,1364.67,0.0
53.85,0.13,37.83,1366.56,0.0
53.9,0.13,37.84,1368.45,0.0
53.95,0.13,37.84,1370.34,0.0
54.0,0.13,37.85,1372.23,0.0
54.05,0.13,37.86,1374.13,0.0
54.1,0.13,37.86,1376.02,0.0
54.15,0.13,37.87,1377.91,0.0
54.2,0.13,37.88,1379.81,0.0
54.25,0.13,37.88,1381.7,0.0
54.3,0.13,37.89,1383.6,0.0
54.35,0.13,37.89,1385.49,0.0
54.4,0.13,37.9,1387.39,0.0
54.45,0.13,37.91,1389.28,0.0
54.5,0.13,37.91,1391.18,0.0
54.55,0.12,37.92,1393.07,0.0
54.6,0.12,37.93,1394.97,0.0
54.65,0.12,37.93,1396.87,0.0
54.7,0.12,37.94,1398.76,0.0
54.75,0.12,37.94,1400.66,0.0
54.8,0.12,37.95,1402.56,0.0
54.85,0.12,37.96,1404.46,0.0
54.9,0.12,37.96,1406.35,0.0
54.95,0.12,37.97,1408.25,0.0
55.0,0.12,37.97,1410.15,0.0
55.05,0.12,37.98,1412.05,0.0
55.1,0.12,37.99,1413.95,0.0
55.15,0.12,37.99,1415.85,0.0
55.2,0.12,38.0,1417.75,0.0
55.25,0.12,38.0,1419.65,0.0
55.3,0.12,38.01,1421.55,0.0
55.35,0.12,38.02,1423.45,0.0
55.4,0.12,38.02,1425.35,0.0
55.45,0.12,38.03,1427.25,0.0
55.5,0.12,38.03,1429.15,0.0
55.55,0.12,38.04,1431.06,0.0
55.6,0.12,38.05,1432.96,0.0
55.65,0.12,38.05,1434.86,0.0
55.7,0.12,38.06,1436.76,0.0
55.75,0.12,38.06,1438.67,0.0
55.8,0.11,38.07,1440.57,0.0
55.85,0.11,38.07,1442.47,0.0
55.9,0.11,38.08,1444.38,0.0
55.95,0.11,38.09,1446.28,0.0
56.0,0.11,38.09,1448.19,0.0
56.05,0.11,38.1,1450.09,0.0
56.1,0.11,38.1,1452.0,0.0
56.15,0.11,38.11,1453.9,0.0
56.2,0.11,38.11,1455.81,0.0
56.25,0.11,38.12,1457.71,0.0
56.3,0.11,38.12,1459.62,0.0
56.35,0.11,38.13,1461.53,0.0
56.4,0.11,38.14,1463.43,0.0
56.45,0.11,38.14,1465.34,0.0
56.5,0.11,38.15,1467.25,0.0
56.55,0.11,38.15,1469.16,0.0
56.6,0.11,38.16,1471.06,0.0
56.65,0.11,38.16,1472.97,0.0
56.7,0.11,38.17,1474.88,0.0
56.75,0.11,38.17,1476.79,0.0
56.8,0.11,38.18,1478.7,0.0
56.85,0.11,38.18,1480.61,0.0
56.9,0.11,38.19,1482.52,0.0
56.95,0.11,38.2,1484.43,0.0
57.0,0.11,38.2,1486.34,0.0
57.05,0.11,38.21,1488.25,0.0
57.1,0.11,38.21,1490.16,0.0
57.15,0.11,38.22,1492.07,0.0
57.2,0.1,38.22,1493.98,0.0
57.25,0.1,38.23,1495.89,0.0
57.3,0.1,38.23,1497.8,0.0
57.35,0.1,38.24,1499.71,0.0
57.4,0.1,38.24,1501.63,0.0
57.45,0.1,38.25,1503.54,0.0
57.5,0.1,38.25,1505.45,0.0
57.55,0.1,38.26,1507.36,0.0
57.6,0.1,38.26,1509.28,0.0
57.65,0.1,38.27,1511.19,0.0
57.7,0.1,38.27,1513.1,0.0
57.75,0.1,38.28,1515.02,0.0
57.8,0.1,38.28,1516.93,0.0
57.85,0.1,38.29,1518.85,0.0
57.9,0.1,38.29,1520.76,0.0
57.95,0.1,38.3,1522.68,0.0
58.0,0.1,38.3,1524.59,0.0
58.05,0.1,38.31,1526.51,0.0
58.1,0.1,38.31,1528.42,0.0
58.15,0.1,38.32,1530.34,0.0
58.2,0.1,38.32,1532.25,0.0
58.25,0.1,38.33,1534.17,0.0
58.3,0.1,38.33,1536.09,0.0
58.35,0.1,38.34,1538.0,0.0
58.4,0.1,38.34,1539.92,0.0
58.45,0.1,38.35,1541.84,0.0
58.5,0.1,38.35,1543.76,0.0
58.55,0.1,38.36,1545.67,0.0
58.6,0.1,38.36,1547.59,0.0
58.65,0.1,38.37,1549.51,0.0
58.7,0.1,38.37,1551.43,0.0
58.75,0.09,38.38,1553.35,0.0
58.8,0.09,38.38,1555.27,0.0
58.85,0.09,38.39,1557.19,0.0
58.9,0.09,38.39,1559.11,0.0
58.95,0.09,38.4,1561.03,0.0
59.0,0.09,38.4,1562.95,0.0
59.05,0.09,38.4,1564.87,0.0
59.1,0.09,38.41,1566.79,0.0
59.15,0.09,38.41,1568.71,0.0
59.2,0.09,38.42,1570.63,0.0
59.25,0.09,38.42,1572.55,0.0
59.3,0.09,38.43,1574.47,0.0
59.35,0.09,38.43,1576.39,0.0
59.4,0.09,38.44,1578.31,0.0
59.45,0.09,38.44,1580.24,0.0
59.5,0.09,38.45,1582.16,0.0
59.55,0.09,38.45,1584.08,0.0
59.6,0.09,38.45,1586.0,0.0
59.65,0.09,38.46,1587.93,0.0
59.7,0.09,38.46,1589.85,0.0
59.75,0.09,38.47,1591.77,0.0
59.8,0.09,38.47,1593.7,0.0
59.85,0.09,38.48,1595.62,0.0
59.9,0.09,38.48,1597.55,0.0
59.95,0.09,38.49,1599.47,0.0
60.0,0.09,38.49,1601.39,0.0
60.05,0.09,38.49,1603.32,0.0
60.1,0.09,38.5,1605.24,0.0
60.15,0.09,38.5,1607.17,0.0
60.2,0.09,38.51,1609.09,0.0
60.25,0.09,38.51,1611.02,0.0
60.3,0.09,38.52,1612.95,0.0
60.35,0.09,38.52,1614.87,0.0
60.4,0.08,38.52,1616.8,0.0
60.45,0.08,38.53,1618.72,0.0
60.5,0.08,38.53,1620.65,0.0
60.55,0.08,38.54,1622.58,0.0
60.6,0.08,38.54,1624.5,0.0
60.65,0.08,38.55,1626.43,0.0
60.7,0.08,38.55,1628.36,0.0
60.75,0.08,38.55,1630.29,0.0
60.8,0.08,38.56,1632.21,0.0
60.85,0.08,38.56,1634.14,0.0
60.9,0.08,38.57,1636.07,0.0
60.95,0.08,38.57,1638.0,0.0
61.0,0.08,38.57,1639.93,0.0
61.05,0.08,38.58,1641.86,0.0
61.1,0.08,38.58,1643.79,0.0
61.15,0.08,38.59,1645.72,0.0
61.2,0.08,38.59,1647.65,0.0
61.25,0.08,38.59,1649.57,0.0
61.3,0.08,38.6,1651.5,0.0
61.35,0.08,38.6,1653.43,0.0
61.4,0.08,38.61,1655.37,0.0
61.45,0.08,38.61,1657.3,0.0
61.5,0.08,38.61,1659.23,0.0
61.55,0.08,38.62,1661.16,0.0
61.6,0.08,38.62,1663.09,0.0
61.65,0.08,38.63,1665.02,0.0
61.7,0.08,38.63,1666.95,0.0
61.75,0.08,38.63,1668.88,0.0
61.8,0.08,38.64,1670.81,0.0
61.85,0.08,38.64,1672.75,0.0
61.9,0.08,38.65,1674.68,0.0
61.95,0.08,38.65,1676.61,0.0
62.0,0.08,38.65,1678.54,0.0
62.05,0.08,38.66,1680.48,0.0
62.1,0.08,38.66,1682.41,0.0
62.15,0.08,38.66,1684.34,0.0
62.2,0.08,38.67,1686.28,0.0
62.25,0.08,38.67,1688.21,0.0
62.3,0.07,38.68,1690.14,0.0
62.35,0.07,38.68,1692.08,0.0
62.4,0.07,38.68,1694.01,0.0
62.45,0.07,38.69,1695.95,0.0
62.5,0.07,38.69,1697.88,0.0
62.55,0.07,38.69,1699.82,0.0
62.6,0.07,38.7,1701.75,0.0
62.65,0.07,38.7,1703.69,0.0
62.7,0.07,38.7,1705.62,0.0
62.75,0.07,38.71,1707.56,0.0
62.8,0.07,38.71,1709.49,0.0
62.85,0.07,38.72,1711.43,0.0
62.9,0.07,38.72,1713.36,0.0
62.95,0.07,38.72,1715.3,0.0
63.0,0.07,38.73,1717.24,0.0
63.05,0.07,38.73,1719.17,0.0
63.1,0.07,38.73,1721.11,0.0
63.15,0.07,38.74,1723.05,0.0
63.2,0.07,38.74,1724.98,0.0
63.25,0.07,38.74,1726.92,0.0
63.3,0.07,38.75,1728.86,0.0
63.35,0.07,38.75,1730.8,0.0
63.4,0.07,38.75,1732.73,0.0
63.45,0.07,38.76,1734.67,0.0
63.5,0.07,38.76,1736.61,0.0
63.55,0.07,38.77,1738.55,0.0
63.6,0.07,38.77,1740.49,0.0
63.65,0.07,38.77,1742.42,0.0
63.7,0.07,38.78,1744.36,0.0
63.75,0.07,38.78,1746.3,0.0
63.8,0.07,38.78,1748.24,0.0
63.85,0.07,38.79,1750.18,0.0
63.9,0.07,38.79,1752.12,0.0
63.95,0.07,38.79,1754.06,0.0
64.0,0.07,38.8,1756.0,0.0
64.05,0.07,38.8,1757.94,0.0
64.1,0.07,38.8,1759.88,0.0
64.15,0.07,38.81,1761.82,0.0
64.2,0.07,38.81,1763.76,0.0
64.25,0.07,38.81,1765.7,0.0
64.3,0.07,38.82,1767.64,0.0
64.35,0.07,38.82,1769.58,0.0
64.4,0.07,38.82,1771.52,0.0
64.45,0.06,38.83,1773.46,0.0
64.5,0.06,38.83,1775.41,0.0
64.55,0.06,38.83,1777.35,0.0
64.6,0.06,38.83,1779.29,0.0
64.65,0.06,38.84,1781.23,0.0
64.7,0.06,38.84,1783.17,0.0
64.75,0.06,38.84,1785.12,0.0
64.8,0.06,38.85,1787.06,0.0
64.85,0.06,38.85,1789.0,0.0
64.9,0.06,38.85,1790.94,0.0
64.95,0.06,38.86,1792.89,0.0
65.0,0.06,38.86,1794.83,0.0
65.05,0.06,38.86,1796.77,0.0
65.1,0.06,38.87,1798.72,0.0
65.15,0.06,38.87,1800.66,0.0
65.2,0.06,38.87,1802.6,0.0
65.25,0.06,38.88,1804.55,0.0
65.3,0.06,38.88,1806.49,0.0
65.35,0.06,38.88,1808.43,0.0
65.4,0.06,38.88,1810.38,0.0
65.45,0.06,38.89,1812.32,0.0
65.5,0.06,38.89,1814.27,0.0
65.55,0.06,38.89,1816.21,0.0
65.6,0.06,38.9,1818.16,0.0
65.65,0.06,38.9,1820.1,0.0
65.7,0.06,38.9,1822.05,0.0
65.75,0.06,38.91,1823.99,0.0
65.8,0.06,38.91,1825.94,0.0
65.85,0.06,38.91,1827.88,0.0
65.9,0.06,38.91,1829.83,0.0
65.95,0.06,38.92,1831.78,0.0
66.0,0.06,38.92,1833.72,0.0
66.05,0.06,38.92,1835.67,0.0
66.1,0.06,38.93,1837.61,0.0
66.15,0.06,38.93,1839.56,0.0
66.2,0.06,38.93,1841.51,0.0
66.25,0.06,38.94,1843.45,0.0
66.3,0.06,38.94,1845.4,0.0
66.35,0.06,38.94,1847.35,0.0
66.4,0.06,38.94,1849.29,0.0
66.45,0.06,38.95,1851.24,0.0
66.5,0.06,38.95,1853.19,0.0
66.55,0.06,38.95,1855.14,0.0
66.6,0.06,38.95,1857.08,0.0
66.65,0.06,38.96,1859.03,0.0
66.7,0.06,38.96,1860.98,0.0
66.75,0.06,38.96,1862.93,0.0
66.8,0.06,38.97,1864.88,0.0
66.85,0.06,38.97,1866.83,0.0
66.9,0.06,38.97,1868.77,0.0
66.95,0.05,38.97,1870.72,0.0
67.0,0.05,38.98,1872.67,0.0
67.05,0.05,38.98,1874.62,0.0
67.1,0.05,38.98,1876.57,0.0
67.15,0.05,38.99,1878.52,0.0
67.2,0.05,38.99,1880.47,0.0
67.25,0.05,38.99,1882.42,0.0
67.3,0.05,38.99,1884.37,0.0
67.35,0.05,39.0,1886.32,0.0
67.4,0.05,39.0,1888.27,0.0
67.45,0.05,39.0,1890.22,0.0
67.5,0.05,39.0,1892.17,0.0
67.55,0.05,39.01,1894.12,0.0
67.6,0.05,39.01,1896.07,0.0
67.65,0.05,39.01,1898.02,0.0
67.7,0.05,39.01,1899.97,0.0
67.75,0.05,39.02,1901.92,0.0
67.8,0.05,39.02,1903.87,0.0
67.85,0.05,39.02,1905.82,0.0
67.9,0.05,39.02,1907.77,0.0
67.95,0.05,39.03,1909.73,0.0
68.0,0.05,39.03,1911.68,0.0
68.05,0.05,39.03,1913.63,0.0
68.1,0.05,39.03,1915.58,0.0
68.15,0.05,39.04,1917.53,0.0
68.2,0.05,39.04,1919.48,0.0
68.25,0.05,39.04,1921.44,0.0
68.3,0.05,39.05,1923.39,0.0
68.35,0.05,39.05,1925.34,0.0
68.4,0.05,39.05,1927.29,0.0
68.45,0.05,39.05,1929.25,0.0
68.5,0.05,39.05,1931.2,0.0
68.55,0.05,39.06,1933.15,0.0
68.6,0.05,39.06,1935.1,0.0
68.65,0.05,39.06,1937.06,0.0
68.7,0.05,39.06,1939.01,0.0
68.75,0.05,39.07,1940.96,0.0
68.8,0.05,39.07,1942.92,0.0
68.85,0.05,39.07,1944.87,0.0
68.9,0.05,39.07,1946.82,0.0
68.95,0.05,39.08,1948.78,0.0
69.0,0.05,39.08,1950.73,0.0
69.05,0.05,39.08,1952.69,0.0
69.1,0.05,39.08,1954.64,0.0
69.15,0.05,39.09,1956.6,0.0
69.2,0.05,39.09,1958.55,0.0
69.25,0.05,39.09,1960.5,0.0
69.3,0.05,39.09,1962.46,0.0
69.35,0.05,39.1,1964.41,0.0
69.4,0.05,39.1,1966.37,0.0
69.45,0.05,39.1,1968.32,0.0
69.5,0.05,39.1,1970.28,0.0
69.55,0.05,39.11,1972.23,0.0
69.6,0.05,39.11,1974.19,0.0
69.65,0.05,39.11,1976.15,0.0
69.7,0.05,39.11,1978.1,0.0
69.75,0.05,39.11,1980.06,0.0
69.8,0.05,39.12,1982.01,0.0
69.85,0.05,39.12,1983.97,0.0
69.9,0.05,39.12,1985.92,0.0
69.95,0.04,39.12,1987.88,0.0
70.0,0.04,39.13,1989.84,0.0
70.05,0.04,39.13,1991.79,0.0
70.1,0.04,39.13,1993.75,0.0
70.15,0.04,39.13,1995.71,0.0
70.2,0.04,39.13,1997.66,0.0
70.25,0.04,39.14,1999.62,0.0
70.3,0.04,39.14,2001.58,0.0
70.35,0.04,39.14,2003.53,0.0
70.4,0.04,39.14,2005.49,0.0
70.45,0.04,39.15,2007.45,0.0
70.5,0.04,39.15,2009.41,0.0
70.55,0.04,39.15,2011.36,0.0
70.6,0.04,39.15,2013.32,0.0
70.65,0.04,39.15,2015.28,0.0
70.7,0.04,39.16,2017.24,0.0
70.75,0.04,39.16,2019.19,0.0
70.8,0.04,39.16,2021.15,0.0
70.85,0.04,39.16,2023.11,0.0
70.9,0.04,39.16,2025.07,0.0
70.95,0.04,39.17,2027.03,0.0
71.0,0.04,39.17,2028.98,0.0
71.05,0.04,39.17,2030.94,0.0
71.1,0.04,39.17,2032.9,0.0
71.15,0.04,39.17,2034.86,0.0
71.2,0.04,39.18,2036.82,0.0
71.25,0.04,39.18,2038.78,0.0
71.3,0.04,39.18,2040.74,0.0
71.35,0.04,39.18,2042.7,0.0
71.4,0.04,39.19,2044.66,0.0
71.45,0.04,39.19,2046.62,0.0
71.5,0.04,39.19,2048.57,0.0
71.55,0.04,39.19,2050.53,0.0
71.6,0.04,39.19,2052.49,0.0
71.65,0.04,39.2,2054.45,0.0
71.7,0.04,39.2,2056.41,0.0
71.75,0.04,39.2,2058.37,0.0
71.8,0.04,39.2,2060.33,0.0
71.85,0.04,39.2,2062.29,0.0
71.9,0.04,39.21,2064.25,0.0
71.95,0.04,39.21,2066.21,0.0
72.0,0.04,39.21,2068.18,0.0
72.05,0.04,39.21,2070.14,0.0
72.1,0.04,39.21,2072.1,0.0
72.15,0.04,39.21,2074.06,0.0
72.2,0.04,39.22,2076.02,0.0
72.25,0.04,39.22,2077.98,0.0
72.3,0.04,39.22,2079.94,0.0
72.35,0.04,39.22,2081.9,0.0
72.4,0.04,39.22,2083.86,0.0
72.45,0.04,39.23,2085.82,0.0
72.5,0.04,39.23,2087.78,0.0
72.55,0.04,39.23,2089.75,0.0
72.6,0.04,39.23,2091.71,0.0
72.65,0.04,39.23,2093.67,0.0
72.7,0.04,39.24,2095.63,0.0
72.75,0.04,39.24,2097.59,0.0
72.8,0.04,39.24,2099.56,0.0
72.85,0.04,39.24,2101.52,0.0
72.9,0.04,39.24,2103.48,0.0
72.95,0.04,39.24,2105.44,0.0
73.0,0.04,39.25,2107.4,0.0
73.05,0.04,39.25,2109.37,0.0
73.1,0.04,39.25,2111.33,0.0
73.15,0.04,39.25,2113.29,0.0
73.2,0.04,39.25,2115.25,0.0
73.25,0.04,39.26,2117.22,0.0
73.3,0.04,39.26,2119.18,0.0
73.35,0.04,39.26,2121.14,0.0
73.4,0.04,39.26,2123.11,0.0
73.45,0.04,39.26,2125.07,0.0
73.5,0.04,39.26,2127.03,0.0
73.55,0.04,39.27,2129.0,0.0
73.6,0.04,39.27,2130.96,0.0
73.65,0.03,39.27,2132.92,0.0
73.7,0.03,39.27,2134.89,0.0
73.75,0.03,39.27,2136.85,0.0
73.8,0.03,39.28,2138.81,0.0
73.85,0.03,39.28,2140.78,0.0
73.9,0.03,39.28,2142.74,0.0
73.95,0.03,39.28,2144.71,0.0
74.0,0.03,39.28,2146.67,0.0
74.05,0.03,39.28,2148.63,0.0
74.1,0.03,39.29,2150.6,0.0
74.15,0.03,39.29,2152.56,0.0
74.2,0.03,39.29,2154.53,0.0
74.25,0.03,39.29,2156.49,0.0
74.3,0.03,39.29,2158.46,0.0
74.35,0.03,39.29,2160.42,0.0
74.4,0.03,39.3,2162.39,0.0
74.45,0.03,39.3,2164.35,0.0
74.5,0.03,39.3,2166.32,0.0
74.55,0.03,39.3,2168.28,0.0
74.6,0.03,39.3,2170.25,0.0
74.65,0.03,39.3,2172.21,0.0
74.7,0.03,39.31,2174.18,0.0
74.75,0.03,39.31,2176.14,0.0
74.8,0.03,39.31,2178.11,0.0
74.85,0.03,39.31,2180.07,0.0
74.9,0.03,39.31,2182.04,0.0
74.95,0.03,39.31,2184.0,0.0
75.0,0.03,39.32,2185.97,0.0
75.05,0.03,39.32,2187.94,0.0
75.1,0.03,39.32,2189.9,0.0
75.15,0.03,39.32,2191.87,0.0
75.2,0.03,39.32,2193.83,0.0
75.25,0.03,39.32,2195.8,0.0
75.3,0.03,39.32,2197.77,0.0
75.35,0.03,39.33,2199.73,0.0
75.4,0.03,39.33,2201.7,0.0
75.45,0.03,39.33,2203.66,0.0
75.5,0.03,39.33,2205.63,0.0
75.55,0.03,39.33,2207.6,0.0
75.6,0.03,39.33,2209.56,0.0
75.65,0.03,39.34,2211.53,0.0
75.7,0.03,39.34,2213.5,0.0
75.75,0.03,39.34,2215.47,0.0
75.8,0.03,39.34,2217.43,0.0
75.85,0.03,39.34,2219.4,0.0
75.9,0.03,39.34,2221.37,0.0
75.95,0.03,39.34,2223.33,0.0
76.0,0.03,39.35,2225.3,0.0
76.05,0.03,39.35,2227.27,0.0
76.1,0.03,39.35,2229.24,0.0
76.15,0.03,39.35,2231.2,0.0
76.2,0.03,39.35,2233.17,0.0
76.25,0.03,39.35,2235.14,0.0
76.3,0.03,39.35,2237.11,0.0
76.35,0.03,39.36,2239.07,0.0
76.4,0.03,39.36,2241.04,0.0
76.45,0.03,39.36,2243.01,0.0
76.5,0.03,39.36,2244.98,0.0
76.55,0.03,39.36,2246.95,0.0
76.6,0.03,39.36,2248.91,0.0
76.65,0.03,39.36,2250.88,0.0
76.7,0.03,39.37,2252.85,0.0
76.75,0.03,39.37,2254.82,0.0
76.8,0.03,39.37,2256.79,0.0
76.85,0.03,39.37,2258.76,0.0
76.9,0.03,39.37,2260.72,0.0
76.95,0.03,39.37,2262.69,0.0
77.0,0.03,39.37,2264.66,0.0
77.05,0.03,39.38,2266.63,0.0
77.1,0.03,39.38,2268.6,0.0
77.15,0.03,39.38,2270.57,0.0
77.2,0.03,39.38,2272.54,0.0
77.25,0.03,39.38,2274.51,0.0
77.3,0.03,39.38,2276.48,0.0
77.35,0.03,39.38,2278.45,0.0
77.4,0.03,39.39,2280.41,0.0
77.45,0.03,39.39,2282.38,0.0
77.5,0.03,39.39,2284.35,0.0
77.55,0.03,39.39,2286.32,0.0
77.6,0.03,39.39,2288.29,0.0
77.65,0.03,39.39,2290.26,0.0
77.7,0.03,39.39,2292.23,0.0
77.75,0.03,39.4,2294.2,0.0
77.8,0.03,39.4,2296.17,0.0
77.85,0.03,39.4,2298.14,0.0
77.9,0.03,39.4,2300.11,0.0
77.95,0.03,39.4,2302.08,0.0
78.0,0.03,39.4,2304.05,0.0
78.05,0.03,39.4,2306.02,0.0
78.1,0.03,39.4,2307.99,0.0
78.15,0.03,39.41,2309.96,0.0
78.2,0.03,39.41,2311.93,0.0
78.25,0.03,39.41,2313.9,0.0
78.3,0.03,39.41,2315.87,0.0
78.35,0.03,39.41,2317.84,0.0
78.4,0.03,39.41,2319.81,0.0
78.45,0.03,39.41,2321.78,0.0
78.5,0.03,39.41,2323.76,0.0
78.55,0.03,39.42,2325.73,0.0
78.6,0.03,39.42,2327.7,0.0
78.65,0.02,39.42,2329.67,0.0
78.7,0.02,39.42,2331.64,0.0
78.75,0.02,39.42,2333.61,0.0
78.8,0.02,39.42,2335.58,0.0
78.85,0.02,39.42,2337.55,0.0
78.9,0.02,39.42,2339.52,0.0
78.95,0.02,39.43,2341.49,0.0
79.0,0.02,39.43,2343.47,0.0
79.05,0.02,39.43,2345.44,0.0
79.1,0.02,39.43,2347.41,0.0
79.15,0.02,39.43,2349.38,0.0
79.2,0.02,39.43,2351.35,0.0
79.25,0.02,39.43,2353.32,0.0
79.3,0.02,39.43,2355.3,0.0
79.35,0.02,39.44,2357.27,0.0
79.4,0.02,39.44,2359.24,0.0
79.45,0.02,39.44,2361.21,0.0
79.5,0.02,39.44,2363.18,0.0
79.55,0.02,39.44,2365.15,0.0
79.6,0.02,39.44,2367.13,0.0
79.65,0.02,39.44,2369.1,0.0
79.7,0.02,39.44,2371.07,0.0
79.75,0.02,39.44,2373.04,0.0
79.8,0.02,39.45,2375.02,0.0
79.85,0.02,39.45,2376.99,0.0
79.9,0.02,39.45,2378.96,0.0
79.95,0.02,39.45,2380.93,0.0
80.0,0.02,39.45,2382.91,0.0
80.05,0.02,39.45,2384.88,0.0
80.1,0.02,39.45,2386.85,0.0
80.15,0.02,39.45,2388.82,0.0
80.2,0.02,39.45,2390.8,0.0
80.25,0.02,39.46,2392.77,0.0
80.3,0.02,39.46,2394.74,0.0
80.35,0.02,39.46,2396.71,0.0
80.4,0.02,39.46,2398.69,0.0
80.45,0.02,39.46,2400.66,0.0
80.5,0.02,39.46,2402.63,0.0
80.55,0.02,39.46,2404.61,0.0
80.6,0.02,39.46,2406.58,0.0
80.65,0.02,39.46,2408.55,0.0
80.7,0.02,39.47,2410.53,0.0
80.75,0.02,39.47,2412.5,0.0
80.8,0.02,39.47,2414.47,0.0
80.85,0.02,39.47,2416.45,0.0
80.9,0.02,39.47,2418.42,0.0
80.95,0.02,39.47,2420.39,0.0
81.0,0.02,39.47,2422.37,0.0
81.05,0.02,39.47,2424.34,0.0
81.1,0.02,39.47,2426.31,0.0
81.15,0.02,39.48,2428.29,0.0
81.2,0.02,39.48,2430.26,0.0
81.25,0.02,39.48,2432.24,0.0
81.3,0.02,39.48,2434.21,0.0
81.35,0.02,39.48,2436.18,0.0
81.4,0.02,39.48,2438.16,0.0
81.45,0.02,39.48,2440.13,0.0
81.5,0.02,39.48,2442.11,0.0
81.55,0.02,39.48,2444.08,0.0
81.6,0.02,39.48,2446.05,0.0
81.65,0.02,39.49,2448.03,0.0
81.7,0.02,39.49,2450.0,0.0
81.75,0.02,39.49,2451.98,0.0
81.8,0.02,39.49,2453.95,0.0
81.85,0.02,39.49,2455.93,0.0
81.9,0.02,39.49,2457.9,0.0
81.95,0.02,39.49,2459.88,0.0
82.0,0.02,39.49,2461.85,0.0
82.05,0.02,39.49,2463.83,0.0
82.1,0.02,39.49,2465.8,0.0
82.15,0.02,39.5,2467.77,0.0
82.2,0.02,39.5,2469.75,0.0
82.25,0.02,39.5,2471.72,0.0
82.3,0.02,39.5,2473.7,0.0
82.35,0.02,39.5,2475.67,0.0
82.4,0.02,39.5,2477.65,0.0
82.45,0.02,39.5,2479.62,0.0
82.5,0.02,39.5,2481.6,0.0
82.55,0.02,39.5,2483.58,0.0
82.6,0.02,39.5,2485.55,0.0
82.65,0.02,39.51,2487.53,0.0
82.7,0.02,39.51,2489.5,0.0
82.75,0.02,39.51,2491.48,0.0
82.8,0.02,39.51,2493.45,0.0
82.85,0.02,39.51,2495.43,0.0
82.9,0.02,39.51,2497.4,0.0
82.95,0.02,39.51,2499.38,0.0
83.0,0.02,39.51,2501.35,0.0
83.05,0.02,39.51,2503.33,0.0
83.1,0.02,39.51,2505.31,0.0
83.15,0.02,39.51,2507.28,0.0
83.2,0.02,39.52,2509.26,0.0
83.25,0.02,39.52,2511.23,0.0
83.3,0.02,39.52,2513.21,0.0
83.35,0.02,39.52,2515.18,0.0
83.4,0.02,39.52,2517.16,0.0
83.45,0.02,39.52,2519.14,0.0
83.5,0.02,39.52,2521.11,0.0
83.55,0.02,39.52,2523.09,0.0
83.6,0.02,39.52,2525.06,0.0
83.65,0.02,39.52,2527.04,0.0
83.7,0.02,39.52,2529.02,0.0
83.75,0.02,39.53,2530.99,0.0
83.8,0.02,39.53,2532.97,0.0
83.85,0.02,39.53,2534.95,0.0
83.9,0.02,39.53,2536.92,0.0
83.95,0.02,39.53,2538.9,0.0
84.0,0.02,39.53,2540.88,0.0
84.05,0.02,39.53,2542.85,0.0
84.1,0.02,39.53,2544.83,0.0
84.15,0.02,39.53,2546.81,0.0
84.2,0.02,39.53,2548.78,0.0
84.25,0.02,39.53,2550.76,0.0
84.3,0.02,39.54,2552.74,0.0
84.35,0.02,39.54,2554.71,0.0
84.4,0.02,39.54,2556.69,0.0
84.45,0.02,39.54,2558.67,0.0
84.5,0.02,39.54,2560.64,0.0
84.55,0.02,39.54,2562.62,0.0
84.6,0.02,39.54,2564.6,0.0
84.65,0.02,39.54,2566.57,0.0
84.7,0.02,39.54,2568.55,0.0
84.75,0.02,39.54,2570.53,0.0
84.8,0.02,39.54,2572.51,0.0
84.85,0.02,39.54,2574.48,0.0
84.9,0.02,39.55,2576.46,0.0
84.95,0.02,39.55,2578.44,0.0
85.0,0.02,39.55,2580.41,0.0
85.05,0.02,39.55,2582.39,0.0
85.1,0.02,39.55,2584.37,0.0
85.15,0.02,39.55,2586.35,0.0
85.2,0.02,39.55,2588.32,0.0
85.25,0.02,39.55,2590.3,0.0
85.3,0.02,39.55,2592.28,0.0
85.35,0.02,39.55,2594.26,0.0
85.4,0.02,39.55,2596.23,0.0
85.45,0.02,39.55,2598.21,0.0
85.5,0.02,39.55,2600.19,0.0
85.55,0.02,39.56,2602.17,0.0
85.6,0.02,39.56,2604.15,0.0
85.65,0.02,39.56,2606.12,0.0
85.7,0.02,39.56,2608.1,0.0
85.75,0.02,39.56,2610.08,0.0
85.8,0.02,39.56,2612.06,0.0
85.85,0.02,39.56,2614.04,0.0
85.9,0.02,39.56,2616.01,0.0
85.95,0.02,39.56,2617.99,0.0
86.0,0.02,39.56,2619.97,0.0
86.05,0.02,39.56,2621.95,0.0
86.1,0.02,39.56,2623.93,0.0
86.15,0.02,39.56,2625.9,0.0
86.2,0.01,39.57,2627.88,0.0
86.25,0.01,39.57,2629.86,0.0
86.3,0.01,39.57,2631.84,0.0
86.35,0.01,39.57,2633.82,0.0
86.4,0.01,39.57,2635.8,0.0
86.45,0.01,39.57,2637.77,0.0
86.5,0.01,39.57,2639.75,0.0
86.55,0.01,39.57,2641.73,0.0
86.6,0.01,39.57,2643.71,0.0
86.65,0.01,39.57,2645.69,0.0
86.7,0.01,39.57,2647.67,0.0
86.75,0.01,39.57,2649.65,0.0
86.8,0.01,39.57,2651.62,0.0
86.85,0.01,39.57,2653.6,0.0
86.9,0.01,39.58,2655.58,0.0
86.95,0.01,39.58,2657.56,0.0
87.0,0.01,39.58,2659.54,0.0
87.05,0.01,39.58,2661.52,0.0
87.1,0.01,39.58,2663.5,0.0
87.15,0.01,39.58,2665.48,0.0
87.2,0.01,39.58,2667.46,0.0
87.25,0.01,39.58,2669.43,0.0
87.3,0.01,39.58,2671.41,0.0
87.35,0.01,39.58,2673.39,0.0
87.4,0.01,39.58,2675.37,0.0
87.45,0.01,39.58,2677.35,0.0
87.5,0.01,39.58,2679.33,0.0
87.55,0.01,39.58,2681.31,0.0
87.6,0.01,39.59,2683.29,0.0
87.65,0.01,39.59,2685.27,0.0
87.7,0.01,39.59,2687.25,0.0
87.75,0.01,39.59,2689.23,0.0
87.8,0.01,39.59,2691.21,0.0
87.85,0.01,39.59,2693.19,0.0
87.9,0.01,39.59,2695.17,0.0
87.95,0.01,39.59,2697.14,0.0
88.0,0.01,39.59,2699.12,0.0
88.05,0.01,39.59,2701.1,0.0
88.1,0.01,39.59,2703.08,0.0
88.15,0.01,39.59,2705.06,0.0
88.2,0.01,39.59,2707.04,0.0
88.25,0.01,39.59,2709.02,0.0
88.3,0.01,39.59,2711.0,0.0
88.35,0.01,39.6,2712.98,0.0
88.4,0.01,39.6,2714.96,0.0
88.45,0.01,39.6,2716.94,0.0
88.5,0.01,39.6,2718.92,0.0
88.55,0.01,39.6,2720.9,0.0
88.6,0.01,39.6,2722.88,0.0
88.65,0.01,39.6,2724.86,0.0
88.7,0.01,39.6,2726.84,0.0
88.75,0.01,39.6,2728.82,0.0
88.8,0.01,39.6,2730.8,0.0
88.85,0.01,39.6,2732.78,0.0
88.9,0.01,39.6,2734.76,0.0
88.95,0.01,39.6,2736.74,0.0
89.0,0.01,39.6,2738.72,0.0
89.05,0.01,39.6,2740.7,0.0
89.1,0.01,39.6,2742.68,0.0
89.15,0.01,39.61,2744.66,0.0
89.2,0.01,39.61,2746.64,0.0
89.25,0.01,39.61,2748.62,0.0
89.3,0.01,39.61,2750.6,0.0
89.35,0.01,39.61,2752.58,0.0
89.4,0.01,39.61,2754.56,0.0
89.45,0.01,39.61,2756.54,0.0
89.5,0.01,39.61,2758.53,0.0
89.55,0.01,39.61,2760.51,0.0
89.6,0.01,39.61,2762.49,0.0
89.65,0.01,39.61,2764.47,0.0
89.7,0.01,39.61,2766.45,0.0
89.75,0.01,39.61,2768.43,0.0
89.8,0.01,39.61,2770.41,0.0
89.85,0.01,39.61,2772.39,0.0
89.9,0.01,39.61,2774.37,0.0
89.95,0.01,39.61,2776.35,0.0
90.0,0.01,39.62,2778.33,0.0
90.05,0.01,39.62,2780.31,0.0
90.1,0.01,39.62,2782.29,0.0
90.15,0.01,39.62,2784.27,0.0
90.2,0.01,39.62,2786.25,0.0
90.25,0.01,39.62,2788.24,0.0
90.3,0.01,39.62,2790.22,0.0
90.35,0.01,39.62,2792.2,0.0
90.4,0.01,39.62,2794.18,0.0
90.45,0.01,39.62,2796.16,0.0
90.5,0.01,39.62,2798.14,0.0
90.55,0.01,39.62,2800.12,0.0
90.6,0.01,39.62,2802.1,0.0
90.65,0.01,39.62,2804.08,0.0
90.7,0.01,39.62,2806.07,0.0
90.75,0.01,39.62,2808.05,0.0
90.8,0.01,39.62,2810.03,0.0
90.85,0.01,39.62,2812.01,0.0
90.9,0.01,39.63,2813.99,0.0
90.95,0.01,39.63,2815.97,0.0
91.0,0.01,39.63,2817.95,0.0
91.05,0.01,39.63,2819.93,0.0
91.1,0.01,39.63,2821.92,0.0
91.15,0.01,39.63,2823.9,0.0
91.2,0.01,39.63,2825.88,0.0
91.25,0.01,39.63,2827.86,0.0
91.3,0.01,39.63,2829.84,0.0
91.35,0.01,39.63,2831.82,0.0
91.4,0.01,39.63,2833.8,0.0
91.45,0.01,39.63,2835.79,0.0
91.5,0.01,39.63,2837.77,0.0
91.55,0.01,39.63,2839.75,0.0
91.6,0.01,39.63,2841.73,0.0
91.65,0.01,39.63,2843.71,0.0
91.7,0.01,39.63,2845.69,0.0
91.75,0.01,39.63,2847.68,0.0
91.8,0.01,39.63,2849.66,0.0
91.85,0.01,39.64,2851.64,0.0
91.9,0.01,39.64,2853.62,0.0
91.95,0.01,39.64,2855.6,0.0
92.0,0.01,39.64,2857.58,0.0
92.05,0.01,39.64,2859.57,0.0
92.1,0.01,39.64,2861.55,0.0
92.15,0.01,39.64,2863.53,0.0
92.2,0.01,39.64,2865.51,0.0
92.25,0.01,39.64,2867.49,0.0
92.3,0.01,39.64,2869.48,0.0
92.35,0.01,39.64,2871.46,0.0
92.4,0.01,39.64,2873.44,0.0
92.45,0.01,39.64,2875.42,0.0
92.5,0.01,39.64,2877.4,0.0
92.55,0.01,39.64,2879.39,0.0
92.6,0.01,39.64,2881.37,0.0
92.65,0.01,39.64,2883.35,0.0
92.7,0.01,39.64,2885.33,0.0
92.75,0.01,39.64,2887.32,0.0
92.8,0.01,39.64,2889.3,0.0
92.85,0.01,39.65,2891.28,0.0
92.9,0.01,39.65,2893.26,0.0
92.95,0.01,39.65,2895.24,0.0
93.0,0.01,39.65,2897.23,0.0
93.05,0.01,39.65,2899.21,0.0
93.1,0.01,39.65,2901.19,0.0
93.15,0.01,39.65,2903.17,0.0
93.2,0.01,39.65,2905.16,0.0
93.25,0.01,39.65,2907.14,0.0
93.3,0.01,39.65,2909.12,0.0
93.35,0.01,39.65,2911.1,0.0
93.4,0.01,39.65,2913.09,0.0
93.45,0.01,39.65,2915.07,0.0
93.5,0.01,39.65,2917.05,0.0
93.55,0.01,39.65,2919.03,0.0
93.6,0.01,39.65,2921.02,0.0
93.65,0.01,39.65,2923.0,0.0
93.7,0.01,39.65,2924.98,0.0
93.75,0.01,39.65,2926.96,0.0
93.8,0.01,39.65,2928.95,0.0
93.85,0.01,39.65,2930.93,0.0
93.9,0.01,39.65,2932.91,0.0
93.95,0.01,39.66,2934.9,0.0
94.0,0.01,39.66,2936.88,0.0
94.05,0.01,39.66,2938.86,0.0
94.1,0.01,39.66,2940.84,0.0
94.15,0.01,39.66,2942.83,0.0
94.2,0.01,39.66,2944.81,0.0
94.25,0.01,39.66,2946.79,0.0
94.3,0.01,39.66,2948.78,0.0
94.35,0.01,39.66,2950.76,0.0
94.4,0.01,39.66,2952.74,0.0
94.45,0.01,39.66,2954.72,0.0
94.5,0.01,39.66,2956.71,0.0
94.55,0.01,39.66,2958.69,0.0
94.6,0.01,39.66,2960.67,0.0
94.65,0.01,39.66,2962.66,0.0
94.7,0.01,39.66,2964.64,0.0
94.75,0.01,39.66,2966.62,0.0
94.8,0.01,39.66,2968.61,0.0
94.85,0.01,39.66,2970.59,0.0
94.9,0.01,39.66,2972.57,0.0
94.95,0.01,39.66,2974.56,0.0
95.0,0.01,39.66,2976.54,0.0
95.05,0.01,39.66,2978.52,0.0
95.1,0.01,39.67,2980.51,0.0
95.15,0.01,39.67,2982.49,0.0
95.2,0.01,39.67,2984.47,0.0
95.25,0.01,39.67,2986.46,0.0
95.3,0.01,39.67,2988.44,0.0
95.35,0.01,39.67,2990.42,0.0
95.4,0.01,39.67,2992.41,0.0
95.45,0.01,39.67,2994.39,0.0
95.5,0.01,39.67,2996.37,0.0
95.55,0.01,39.67,2998.36,0.0
95.6,0.01,39.67,3000.34,0.0
95.65,0.01,39.67,3002.32,0.0
95.7,0.01,39.67,3004.31,0.0
95.75,0.01,39.67,3006.29,0.0
95.8,0.01,39.67,3008.27,0.0
95.85,0.01,39.67,3010.26,0.0
95.9,0.01,39.67,3012.24,0.0
95.95,0.01,39.67,3014.22,0.0
96.0,0.01,39.67,3016.21,0.0
96.05,0.01,39.67,3018.19,0.0
96.1,0.01,39.67,3020.17,0.0
96.15,0.01,39.67,3022.16,0.0
96.2,0.01,39.67,3024.14,0.0
96.25,0.01,39.67,3026.13,0.0
96.3,0.01,39.67,3028.11,0.0
96.35,0.01,39.67,3030.09,0.0
96.4,0.01,39.68,3032.08,0.0
96.45,0.01,39.68,3034.06,0.0
96.5,0.01,39.68,3036.04,0.0
96.55,0.01,39.68,3038.03,0.0
96.6,0.01,39.68,3040.01,0.0
96.65,0.01,39.68,3042.0,0.0
96.7,0.01,39.68,3043.98,0.0
96.75,0.01,39.68,3045.96,0.0
96.8,0.01,39.68,3047.95,0.0
96.85,0.01,39.68,3049.93,0.0
96.9,0.01,39.68,3051.92,0.0
96.95,0.01,39.68,3053.9,0.0
97.0,0.01,39.68,3055.88,0.0
97.05,0.01,39.68,3057.87,0.0
97.1,0.01,39.68,3059.85,0.0
97.15,0.01,39.68,3061.84,0.0
97.2,0.01,39.68,3063.82,0.0
97.25,0.01,39.68,3065.8,0.0
97.3,0.01,39.68,3067.79,0.0
97.35,0.01,39.68,3069.77,0.0
97.4,0.01,39.68,3071.76,0.0
97.45,0.01,39.68,3073.74,0.0
97.5,0.01,39.68,3075.72,0.0
97.55,0.01,39.68,3077.71,0.0
97.6,0.01,39.68,3079.69,0.0
97.65,0.01,39.68,3081.68,0.0
97.7,0.01,39.68,3083.66,0.0
97.75,0.01,39.68,3085.65,0.0
97.8,0.01,39.69,3087.63,0.0
97.85,0.01,39.69,3089.61,0.0
97.9,0.01,39.69,3091.6,0.0
97.95,0.01,39.69,3093.58,0.0
98.0,0.01,39.69,3095.57,0.0
98.05,0.01,39.69,3097.55,0.0
98.1,0.01,39.69,3099.54,0.0
98.15,0.01,39.69,3101.52,0.0
98.2,0.01,39.69,3103.5,0.0
98.25,0.01,39.69,3105.49,0.0
98.3,0.01,39.69,3107.47,0.0
98.35,0.01,39.69,3109.46,0.0
98.4,0.01,39.69,3111.44,0.0
98.45,0.01,39.69,3113.43,0.0
98.5,0.01,39.69,3115.41,0.0
98.55,0.01,39.69,3117.4,0.0
98.6,0.01,39.69,3119.38,0.0
98.65,0.01,39.69,3121.36,0.0
98.7,0.01,39.69,3123.35,0.0
98.75,0.01,39.69,3125.33,0.0
98.8,0.01,39.69,3127.32,0.0
98.85,0.01,39.69,3129.3,0.0
98.9,0.01,39.69,3131.29,0.0
98.95,0.01,39.69,3133.27,0.0
99.0,0.01,39.69,3135.26,0.0
99.05,0.01,39.69,3137.24,0.0
99.1,0.01,39.69,3139.23,0.0
99.15,0.01,39.69,3141.21,0.0
99.2,0.01,39.69,3143.2,0.0
99.25,0.01,39.69,3145.18,0.0
99.3,0.01,39.69,3147.17,0.0
99.35,0.01,39.7,3149.15,0.0
99.4,0.01,39.7,3151.13,0.0
99.45,0.01,39.7,3153.12,0.0
99.5,0.01,39.7,3155.1,0.0
99.55,0.01,39.7,3157.09,0.0
99.6,0.01,39.7,3159.07,0.0
99.65,0.01,39.7,3161.06,0.0
99.7,0.01,39.7,3163.04,0.0
99.75,0.01,39.7,3165.03,0.0
99.8,0.01,39.7,3167.01,0.0
99.85,0.01,39.7,3169.0,0.0
99.9,0.01,39.7,3170.98,0.0
99.95,0.01,39.7,3172.97,0.0
100.0,0.01,39.7,3174.95,0.0
