Time Step,Kart Accel,Vehicle Speed,Total Distance,Clutch Slip,BSFC
0,1.37,0.34,0.09,1.0,0.05
0.25,1.37,0.69,0.26,0.96,0.1
0.5,1.37,1.03,0.52,0.92,0.16
0.75,1.37,1.37,0.86,0.88,0.21
1.0,1.37,1.72,1.29,0.83,0.26
1.25,1.37,2.06,1.8,0.79,0.31
1.5,1.37,2.4,2.4,0.75,0.36
1.75,1.37,2.75,3.09,0.71,0.42
2.0,1.37,3.09,3.86,0.67,0.47
2.25,1.37,3.43,4.72,0.63,0.52
2.5,1.36,3.77,5.66,0.58,0.57
2.75,1.36,4.11,6.69,0.54,0.63
3.0,1.36,4.45,7.8,0.5,0.68
3.25,1.36,4.79,9.0,0.46,0.73
3.5,1.35,5.13,10.28,0.42,0.78
3.75,1.35,5.47,11.65,0.38,0.83
4.0,1.35,5.8,13.1,0.34,0.89
4.25,1.35,6.14,14.63,0.3,0.94
4.5,1.34,6.48,16.25,0.26,0.99
4.75,1.34,6.81,17.96,0.22,1.04
5.0,1.33,7.14,19.74,0.18,1.09
5.25,1.33,7.48,21.61,0.14,1.15
5.5,1.33,7.81,23.56,0.1,1.2
5.75,1.32,8.14,25.6,0.05,1.25
6.0,1.32,8.47,27.71,0.01,1.3
6.25,1.31,8.8,29.91,-0.03,1.35
6.5,1.31,9.12,32.19,0.0,1.4
6.75,1.3,9.45,34.56,0.0,1.45
7.0,1.3,9.77,37.0,0.0,1.5
7.25,1.29,10.1,39.52,0.0,1.54
7.5,1.29,10.42,42.13,0.0,1.59
7.75,1.28,10.74,44.81,0.0,1.63
8.0,1.28,11.06,47.58,0.0,1.67
8.25,1.27,11.37,50.42,0.0,1.7
8.5,1.26,11.69,53.34,0.0,1.75
8.75,1.26,12.01,56.35,0.0,1.8
9.0,1.25,12.32,59.42,0.0,1.85
9.25,1.24,12.63,62.58,0.0,1.9
9.5,1.24,12.94,65.82,0.0,1.96
9.75,1.23,13.25,69.13,0.0,2.02
10.0,1.22,13.55,72.52,0.0,2.09
10.25,1.22,13.86,75.98,0.0,2.15
10.5,1.21,14.16,79.52,0.0,2.23
10.75,1.2,14.46,83.13,0.0,2.3
11.0,1.2,14.76,86.82,0.0,2.39
11.25,1.19,15.05,90.59,0.0,2.48
11.5,1.18,15.35,94.43,0.0,2.48
11.75,1.17,15.64,98.34,0.0,2.48
12.0,1.16,15.93,102.32,0.0,2.48
12.25,1.16,16.22,106.38,0.0,2.48
12.5,1.15,16.51,110.5,0.0,2.48
12.75,1.14,16.8,114.7,0.0,2.48
13.0,1.13,17.08,118.97,0.0,2.48
13.25,1.12,17.36,123.31,0.0,2.48
13.5,1.12,17.64,127.72,0.0,2.48
13.75,1.11,17.92,132.2,0.0,2.48
14.0,1.1,18.19,136.75,0.0,2.48
14.25,1.09,18.46,141.36,0.0,2.48
14.5,1.08,18.73,146.05,0.0,2.48
14.75,1.07,19.0,150.8,0.0,2.48
15.0,1.06,19.27,155.61,0.0,2.48
15.25,1.06,19.53,160.5,0.0,2.48
15.5,1.05,19.79,165.45,0.0,2.48
15.75,1.04,20.05,170.46,0.0,2.48
16.0,1.03,20.31,175.54,0.0,2.48
16.25,1.02,20.57,180.68,0.0,2.48
16.5,1.01,20.82,185.88,0.0,2.48
16.75,1.0,21.07,191.15,0.0,2.48
17.0,0.99,21.32,196.48,0.0,2.48
17.25,0.98,21.56,201.87,0.0,2.48
17.5,0.98,21.81,207.32,0.0,2.48
17.75,0.97,22.05,212.84,0.0,2.48
18.0,0.96,22.29,218.41,0.0,2.48
18.25,0.95,22.53,224.04,0.0,2.48
18.5,0.94,22.76,229.73,0.0,2.48
18.75,0.93,22.99,235.48,0.0,2.48
19.0,0.92,23.22,241.29,0.0,2.48
19.25,0.91,23.45,247.15,0.0,2.48
19.5,0.9,23.68,253.07,0.0,2.48
19.75,0.89,23.9,259.04,0.0,2.48
20.0,0.88,24.12,265.07,0.0,2.48
20.25,0.88,24.34,271.16,0.0,2.48
20.5,0.87,24.56,277.3,0.0,2.48
20.75,0.86,24.77,283.49,0.0,2.48
21.0,0.85,24.98,289.74,0.0,2.48
21.25,0.84,25.19,296.04,0.0,2.48
21.5,0.83,25.4,302.39,0.0,2.48
21.75,0.82,25.61,308.79,0.0,2.48
22.0,0.81,25.81,315.24,0.0,2.48
22.25,0.8,26.01,321.74,0.0,2.48
22.5,0.79,26.21,328.3,0.0,2.48
22.75,0.79,26.41,334.9,0.0,2.48
23.0,0.78,26.6,341.55,0.0,2.48
23.25,0.77,26.79,348.25,0.0,2.48
23.5,0.76,26.98,354.99,0.0,2.48
23.75,0.75,27.17,361.78,0.0,2.48
24.0,0.74,27.35,368.62,0.0,2.48
24.25,0.73,27.54,375.51,0.0,2.48
24.5,0.72,27.72,382.44,0.0,2.48
24.75,0.72,27.9,389.41,0.0,2.48
25.0,0.71,28.07,396.43,0.0,2.48
25.25,0.7,28.25,403.49,0.0,2.48
25.5,0.69,28.42,410.6,0.0,2.48
25.75,0.68,28.59,417.74,0.0,2.48
26.0,0.67,28.76,424.93,0.0,2.48
26.25,0.67,28.93,432.17,0.0,2.48
26.5,0.66,29.09,439.44,0.0,2.48
26.75,0.65,29.25,446.75,0.0,2.48
27.0,0.64,29.41,454.1,0.0,2.48
27.25,0.63,29.57,461.5,0.0,2.48
27.5,0.62,29.73,468.93,0.0,2.48
27.75,0.62,29.88,476.4,0.0,2.48
28.0,0.61,30.03,483.91,0.0,2.48
28.25,0.6,30.18,491.45,0.0,2.48
28.5,0.59,30.33,499.04,0.0,2.48
28.75,0.59,30.48,506.66,0.0,2.48
29.0,0.58,30.62,514.31,0.0,2.48
29.25,0.57,30.77,522.0,0.0,2.48
29.5,0.56,30.91,529.73,0.0,2.48
29.75,0.56,31.04,537.49,0.0,2.48
30.0,0.55,31.18,545.29,0.0,2.48
30.25,0.54,31.32,553.12,0.0,2.48
30.5,0.53,31.45,560.98,0.0,2.48
30.75,0.53,31.58,568.87,0.0,2.48
31.0,0.52,31.71,576.8,0.0,2.48
31.25,0.51,31.84,584.76,0.0,2.48
31.5,0.51,31.97,592.75,0.0,2.48
31.75,0.5,32.09,600.78,0.0,2.48
32.0,0.49,32.21,608.83,0.0,2.48
32.25,0.48,32.33,616.91,0.0,2.48
32.5,0.48,32.45,625.03,0.0,2.48
32.75,0.47,32.57,633.17,0.0,2.48
33.0,0.46,32.69,641.34,0.0,2.48
33.25,0.46,32.8,649.54,0.0,2.48
33.5,0.45,32.92,657.77,0.0,2.48
33.75,0.45,33.03,666.03,0.0,2.48
34.0,0.44,33.14,674.31,0.0,2.48
34.25,0.43,33.24,682.62,0.0,2.48
34.5,0.43,33.35,690.96,0.0,2.48
34.75,0.42,33.46,699.33,0.0,2.48
35.0,0.41,33.56,707.72,0.0,2.48
35.25,0.41,33.66,716.13,0.0,2.48
35.5,0.4,33.76,724.57,0.0,2.48
35.75,0.4,33.86,733.04,0.0,2.48
36.0,0.39,33.96,741.53,0.0,2.48
36.25,0.39,34.06,750.04,0.0,2.48
36.5,0.38,34.15,758.58,0.0,2.48
36.75,0.37,34.25,767.14,0.0,2.48
37.0,0.37,34.34,775.72,0.0,2.48
37.25,0.36,34.43,784.33,0.0,2.48
37.5,0.36,34.52,792.96,0.0,2.48
37.75,0.35,34.61,801.61,0.0,2.48
38.0,0.35,34.69,810.29,0.0,2.48
38.25,0.34,34.78,818.98,0.0,2.48
38.5,0.34,34.86,827.7,0.0,2.48
38.75,0.33,34.95,836.43,0.0,2.48
39.0,0.33,35.03,845.19,0.0,2.48
39.25,0.32,35.11,853.97,0.0,2.48
39.5,0.32,35.19,862.76,0.0,2.48
39.75,0.31,35.27,871.58,0.0,2.48
40.0,0.31,35.34,880.42,0.0,2.48
40.25,0.3,35.42,889.27,0.0,2.48
40.5,0.3,35.49,898.14,0.0,2.48
40.75,0.29,35.57,907.03,0.0,2.48
41.0,0.29,35.64,915.94,0.0,2.48
41.25,0.29,35.71,924.87,0.0,2.48
41.5,0.28,35.78,933.82,0.0,2.48
41.75,0.28,35.85,942.78,0.0,2.48
42.0,0.27,35.92,951.76,0.0,2.48
42.25,0.27,35.98,960.76,0.0,2.48
42.5,0.26,36.05,969.77,0.0,2.48
42.75,0.26,36.12,978.8,0.0,2.48
43.0,0.26,36.18,987.84,0.0,2.48
43.25,0.25,36.24,996.9,0.0,2.48
43.5,0.25,36.3,1005.98,0.0,2.48
43.75,0.24,36.37,1015.07,0.0,2.48
44.0,0.24,36.43,1024.18,0.0,2.48
44.25,0.24,36.49,1033.3,0.0,2.48
44.5,0.23,36.54,1042.43,0.0,2.48
44.75,0.23,36.6,1051.58,0.0,2.48
45.0,0.23,36.66,1060.75,0.0,2.48
45.25,0.22,36.71,1069.93,0.0,2.48
45.5,0.22,36.77,1079.12,0.0,2.48
45.75,0.22,36.82,1088.32,0.0,2.48
46.0,0.21,36.87,1097.54,0.0,2.48
46.25,0.21,36.93,1106.77,0.0,2.48
46.5,0.21,36.98,1116.02,0.0,2.48
46.75,0.2,37.03,1125.27,0.0,2.48
47.0,0.2,37.08,1134.54,0.0,2.48
47.25,0.2,37.13,1143.83,0.0,2.48
47.5,0.19,37.17,1153.12,0.0,2.48
47.75,0.19,37.22,1162.42,0.0,2.48
48.0,0.19,37.27,1171.74,0.0,2.48
48.25,0.18,37.31,1181.07,0.0,2.48
48.5,0.18,37.36,1190.41,0.0,2.48
48.75,0.18,37.4,1199.76,0.0,2.48
49.0,0.17,37.45,1209.12,0.0,2.48
49.25,0.17,37.49,1218.5,0.0,2.48
49.5,0.17,37.53,1227.88,0.0,2.48
49.75,0.17,37.57,1237.27,0.0,2.48
50.0,0.16,37.62,1246.68,0.0,2.48
50.25,0.16,37.66,1256.09,0.0,2.48
50.5,0.16,37.7,1265.51,0.0,2.48
50.75,0.16,37.73,1274.95,0.0,2.48
51.0,0.15,37.77,1284.39,0.0,2.48
51.25,0.15,37.81,1293.84,0.0,2.48
51.5,0.15,37.85,1303.31,0.0,2.48
51.75,0.15,37.88,1312.78,0.0,2.48
52.0,0.14,37.92,1322.26,0.0,2.48
52.25,0.14,37.96,1331.75,0.0,2.48
52.5,0.14,37.99,1341.24,0.0,2.48
52.75,0.14,38.02,1350.75,0.0,2.48
53.0,0.13,38.06,1360.26,0.0,2.48
53.25,0.13,38.09,1369.79,0.0,2.48
53.5,0.13,38.12,1379.32,0.0,2.48
53.75,0.13,38.16,1388.86,0.0,2.48
54.0,0.13,38.19,1398.4,0.0,2.48
54.25,0.12,38.22,1407.96,0.0,2.48
54.5,0.12,38.25,1417.52,0.0,2.48
54.75,0.12,38.28,1427.09,0.0,2.48
55.0,0.12,38.31,1436.67,0.0,2.48
55.25,0.12,38.34,1446.25,0.0,2.48
55.5,0.11,38.37,1455.84,0.0,2.48
55.75,0.11,38.39,1465.44,0.0,2.48
56.0,0.11,38.42,1475.04,0.0,2.48
56.25,0.11,38.45,1484.66,0.0,2.48
56.5,0.11,38.48,1494.28,0.0,2.48
56.75,0.11,38.5,1503.9,0.0,2.48
57.0,0.1,38.53,1513.53,0.0,2.48
57.25,0.1,38.55,1523.17,0.0,2.48
57.5,0.1,38.58,1532.82,0.0,2.48
57.75,0.1,38.6,1542.47,0.0,2.48
58.0,0.1,38.63,1552.12,0.0,2.48
58.25,0.1,38.65,1561.79,0.0,2.48
58.5,0.09,38.67,1571.45,0.0,2.48
58.75,0.09,38.7,1581.13,0.0,2.48
59.0,0.09,38.72,1590.81,0.0,2.48
59.25,0.09,38.74,1600.49,0.0,2.48
59.5,0.09,38.76,1610.18,0.0,2.48
59.75,0.09,38.78,1619.88,0.0,2.48
60.0,0.08,38.81,1629.58,0.0,2.48
60.25,0.08,38.83,1639.29,0.0,2.48
60.5,0.08,38.85,1649.0,0.0,2.48
60.75,0.08,38.87,1658.72,0.0,2.48
61.0,0.08,38.89,1668.44,0.0,2.48
61.25,0.08,38.91,1678.16,0.0,2.48
61.5,0.08,38.93,1687.9,0.0,2.48
61.75,0.08,38.94,1697.63,0.0,2.48
62.0,0.07,38.96,1707.37,0.0,2.48
62.25,0.07,38.98,1717.12,0.0,2.48
62.5,0.07,39.0,1726.87,0.0,2.48
62.75,0.07,39.02,1736.62,0.0,2.48
63.0,0.07,39.03,1746.38,0.0,2.48
63.25,0.07,39.05,1756.14,0.0,2.48
63.5,0.07,39.07,1765.91,0.0,2.48
63.75,0.07,39.08,1775.68,0.0,2.48
64.0,0.06,39.1,1785.45,0.0,2.48
64.25,0.06,39.12,1795.23,0.0,2.48
64.5,0.06,39.13,1805.02,0.0,2.48
64.75,0.06,39.15,1814.8,0.0,2.48
65.0,0.06,39.16,1824.59,0.0,2.48
65.25,0.06,39.18,1834.39,0.0,2.48
65.5,0.06,39.19,1844.18,0.0,2.48
65.75,0.06,39.21,1853.99,0.0,2.48
66.0,0.06,39.22,1863.79,0.0,2.48
66.25,0.06,39.23,1873.6,0.0,2.48
66.5,0.05,39.25,1883.41,0.0,2.48
66.75,0.05,39.26,1893.23,0.0,2.48
67.0,0.05,39.27,1903.04,0.0,2.48
67.25,0.05,39.29,1912.87,0.0,2.48
67.5,0.05,39.3,1922.69,0.0,2.48
67.75,0.05,39.31,1932.52,0.0,2.48
68.0,0.05,39.32,1942.35,0.0,2.48
68.25,0.05,39.34,1952.18,0.0,2.48
68.5,0.05,39.35,1962.02,0.0,2.48
68.75,0.05,39.36,1971.86,0.0,2.48
69.0,0.05,39.37,1981.7,0.0,2.48
69.25,0.05,39.38,1991.55,0.0,2.48
69.5,0.04,39.39,2001.4,0.0,2.48
69.75,0.04,39.4,2011.25,0.0,2.48
70.0,0.04,39.42,2021.1,0.0,2.48
70.25,0.04,39.43,2030.96,0.0,2.48
70.5,0.04,39.44,2040.82,0.0,2.48
70.75,0.04,39.45,2050.68,0.0,2.48
71.0,0.04,39.46,2060.54,0.0,2.48
71.25,0.04,39.47,2070.41,0.0,2.48
71.5,0.04,39.48,2080.28,0.0,2.48
71.75,0.04,39.49,2090.15,0.0,2.48
72.0,0.04,39.49,2100.02,0.0,2.48
72.25,0.04,39.5,2109.9,0.0,2.48
72.5,0.04,39.51,2119.78,0.0,2.48
72.75,0.04,39.52,2129.66,0.0,2.48
73.0,0.04,39.53,2139.54,0.0,2.48
73.25,0.03,39.54,2149.43,0.0,2.48
73.5,0.03,39.55,2159.31,0.0,2.48
73.75,0.03,39.56,2169.2,0.0,2.48
74.0,0.03,39.56,2179.09,0.0,2.48
74.25,0.03,39.57,2188.99,0.0,2.48
74.5,0.03,39.58,2198.88,0.0,2.48
74.75,0.03,39.59,2208.78,0.0,2.48
75.0,0.03,39.6,2218.68,0.0,2.48
75.25,0.03,39.6,2228.58,0.0,2.48
75.5,0.03,39.61,2238.48,0.0,2.48
75.75,0.03,39.62,2248.38,0.0,2.48
76.0,0.03,39.62,2258.29,0.0,2.48
76.25,0.03,39.63,2268.2,0.0,2.48
76.5,0.03,39.64,2278.11,0.0,2.48
76.75,0.03,39.65,2288.02,0.0,2.48
77.0,0.03,39.65,2297.93,0.0,2.48
77.25,0.03,39.66,2307.85,0.0,2.48
77.5,0.03,39.67,2317.76,0.0,2.48
77.75,0.03,39.67,2327.68,0.0,2.48
78.0,0.02,39.68,2337.6,0.0,2.48
78.25,0.02,39.68,2347.52,0.0,2.48
78.5,0.02,39.69,2357.44,0.0,2.48
78.75,0.02,39.7,2367.37,0.0,2.48
79.0,0.02,39.7,2377.29,0.0,2.48
79.25,0.02,39.71,2387.22,0.0,2.48
79.5,0.02,39.71,2397.15,0.0,2.48
79.75,0.02,39.72,2407.08,0.0,2.48
80.0,0.02,39.72,2417.01,0.0,2.48
80.25,0.02,39.73,2426.94,0.0,2.48
80.5,0.02,39.73,2436.87,0.0,2.48
80.75,0.02,39.74,2446.81,0.0,2.48
81.0,0.02,39.74,2456.74,0.0,2.48
81.25,0.02,39.75,2466.68,0.0,2.48
81.5,0.02,39.75,2476.62,0.0,2.48
81.75,0.02,39.76,2486.56,0.0,2.48
82.0,0.02,39.76,2496.5,0.0,2.48
82.25,0.02,39.77,2506.44,0.0,2.48
82.5,0.02,39.77,2516.39,0.0,2.48
82.75,0.02,39.78,2526.33,0.0,2.48
83.0,0.02,39.78,2536.28,0.0,2.48
83.25,0.02,39.79,2546.22,0.0,2.48
83.5,0.02,39.79,2556.17,0.0,2.48
83.75,0.02,39.79,2566.12,0.0,2.48
84.0,0.02,39.8,2576.07,0.0,2.48
84.25,0.02,39.8,2586.02,0.0,2.48
84.5,0.02,39.81,2595.97,0.0,2.48
84.75,0.02,39.81,2605.92,0.0,2.48
85.0,0.02,39.81,2615.88,0.0,2.48
85.25,0.02,39.82,2625.83,0.0,2.48
85.5,0.01,39.82,2635.79,0.0,2.48
85.75,0.01,39.83,2645.74,0.0,2.48
86.0,0.01,39.83,2655.7,0.0,2.48
86.25,0.01,39.83,2665.66,0.0,2.48
86.5,0.01,39.84,2675.62,0.0,2.48
86.75,0.01,39.84,2685.58,0.0,2.48
87.0,0.01,39.84,2695.54,0.0,2.48
87.25,0.01,39.85,2705.5,0.0,2.48
87.5,0.01,39.85,2715.46,0.0,2.48
87.75,0.01,39.85,2725.43,0.0,2.48
88.0,0.01,39.86,2735.39,0.0,2.48
88.25,0.01,39.86,2745.36,0.0,2.48
88.5,0.01,39.86,2755.32,0.0,2.48
88.75,0.01,39.86,2765.29,0.0,2.48
89.0,0.01,39.87,2775.25,0.0,2.48
89.25,0.01,39.87,2785.22,0.0,2.48
89.5,0.01,39.87,2795.19,0.0,2.48
89.75,0.01,39.88,2805.16,0.0,2.48
90.0,0.01,39.88,2815.13,0.0,2.48
90.25,0.01,39.88,2825.1,0.0,2.48
90.5,0.01,39.88,2835.07,0.0,2.48
90.75,0.01,39.89,2845.04,0.0,2.48
91.0,0.01,39.89,2855.01,0.0,2.48
91.25,0.01,39.89,2864.99,0.0,2.48
91.5,0.01,39.89,2874.96,0.0,2.48
91.75,0.01,39.9,2884.94,0.0,2.48
92.0,0.01,39.9,2894.91,0.0,2.48
92.25,0.01,39.9,2904.89,0.0,2.48
92.5,0.01,39.9,2914.86,0.0,2.48
92.75,0.01,39.91,2924.84,0.0,2.48
93.0,0.01,39.91,2934.81,0.0,2.48
93.25,0.01,39.91,2944.79,0.0,2.48
93.5,0.01,39.91,2954.77,0.0,2.48
93.75,0.01,39.91,2964.75,0.0,2.48
94.0,0.01,39.92,2974.73,0.0,2.48
94.25,0.01,39.92,2984.71,0.0,2.48
94.5,0.01,39.92,2994.69,0.0,2.48
94.75,0.01,39.92,3004.67,0.0,2.48
95.0,0.01,39.92,3014.65,0.0,2.48
95.25,0.01,39.93,3024.63,0.0,2.48
95.5,0.01,39.93,3034.61,0.0,2.48
95.75,0.01,39.93,3044.6,0.0,2.48
96.0,0.01,39.93,3054.58,0.0,2.48
96.25,0.01,39.93,3064.56,0.0,2.48
96.5,0.01,39.94,3074.55,0.0,2.48
96.75,0.01,39.94,3084.53,0.0,2.48
97.0,0.01,39.94,3094.52,0.0,2.48
97.25,0.01,39.94,3104.5,0.0,2.48
97.5,0.01,39.94,3114.49,0.0,2.48
97.75,0.01,39.94,3124.47,0.0,2.48
98.0,0.01,39.95,3134.46,0.0,2.48
98.25,0.01,39.95,3144.45,0.0,2.48
98.5,0.01,39.95,3154.43,0.0,2.48
98.75,0.01,39.95,3164.42,0.0,2.48
99.0,0.01,39.95,3174.41,0.0,2.48
99.25,0.01,39.95,3184.4,0.0,2.48
99.5,0.01,39.95,3194.38,0.0,2.48
99.75,0.01,39.96,3204.37,0.0,2.48
100.0,0.01,39.96,3214.36,0.0,2.48
